1.000000000 0.000000000 0.000000001 -0.000000000 0.000000000 1.000000119 -0.000000000 -0.000000477 0.000000001 -0.000000000 0.999999940 -0.000000477
0.999996006 -0.002429500 -0.001421137 -0.005026029 0.002433473 0.999993145 0.002800060 -0.014511305 0.001414322 -0.002803508 0.999995053 1.523358703
0.999991357 -0.002974249 -0.002914746 -0.009794817 0.002985139 0.999988556 0.003739018 -0.032988150 0.002903592 -0.003747686 0.999988735 3.042983532
0.999989033 -0.002025521 -0.004215787 -0.028017130 0.002039681 0.999992251 0.003357258 -0.044561118 0.004208954 -0.003365820 0.999985397 4.555452824
0.999982715 -0.001121678 -0.005760636 -0.041982394 0.001141015 0.999993742 0.003354543 -0.064080700 0.005756836 -0.003361058 0.999977708 6.058270454
0.999973536 -0.001336724 -0.007151392 -0.055295762 0.001361796 0.999992907 0.003502100 -0.077122092 0.007146661 -0.003511745 0.999968290 7.561087132
0.999958098 -0.001854825 -0.008957729 -0.080079205 0.001892305 0.999989450 0.004177475 -0.094409235 0.008949887 -0.004194251 0.999951184 9.054734230
0.999937296 -0.003558551 -0.010616125 -0.095243499 0.003591826 0.999988675 0.003116979 -0.109135509 0.010604914 -0.003154915 0.999938786 10.561981201
0.999916553 -0.004728820 -0.012021393 -0.121257916 0.004768839 0.999983132 0.003302544 -0.124469548 0.012005575 -0.003359597 0.999922216 12.048967361
0.999902964 -0.004210613 -0.013276697 -0.139524952 0.004252833 0.999986112 0.003153312 -0.137219146 0.013263230 -0.003209471 0.999906838 13.541768074
0.999890625 -0.004130904 -0.014198407 -0.170882195 0.004178209 0.999985874 0.003303609 -0.152785331 0.014184557 -0.003362572 0.999893665 15.030344963
0.999883175 -0.002505575 -0.015077448 -0.192507491 0.002564012 0.999989271 0.003857703 -0.169789910 0.015067626 -0.003895911 0.999878883 16.486526489
0.999877036 -0.001327326 -0.015627688 -0.226215750 0.001397023 0.999989092 0.004449770 -0.182829186 0.015621617 -0.004471055 0.999867916 17.959445953
0.999862194 -0.000225056 -0.016600583 -0.248335049 0.000316718 0.999984682 0.005519204 -0.201544359 0.016599087 -0.005523702 0.999846995 19.449260712
0.999859154 -0.000153043 -0.016784282 -0.285392314 0.000244605 0.999985099 0.005453300 -0.210660905 0.016783196 -0.005456637 0.999844313 20.920036316
0.999846458 0.000660330 -0.017510228 -0.305894822 -0.000566114 0.999985397 0.005385003 -0.219127074 0.017513528 -0.005374265 0.999832153 22.396085739
0.999846220 0.001519714 -0.017472629 -0.343740135 -0.001416953 0.999981701 0.005892177 -0.230451852 0.017481264 -0.005866513 0.999830008 23.848949432
0.999845207 0.001969737 -0.017480999 -0.366753519 -0.001845398 0.999972880 0.007126119 -0.243430525 0.017494561 -0.007092758 0.999821723 25.312896729
0.999843895 0.002223040 -0.017527480 -0.395268828 -0.002118132 0.999979794 0.006001648 -0.259632379 0.017540468 -0.005963587 0.999828339 26.751213074
0.999845564 0.002579164 -0.017377635 -0.431200981 -0.002512366 0.999989331 0.003864705 -0.268490493 0.017387414 -0.003820451 0.999841511 28.184074402
0.999854028 0.000830989 -0.017062522 -0.461633056 -0.000768104 0.999992907 0.003691812 -0.282437623 0.017065477 -0.003678167 0.999847591 29.609376907
0.999858499 0.000037926 -0.016822385 -0.494196951 0.000069744 0.999979496 0.006399768 -0.298257351 0.016822286 -0.006400035 0.999837995 31.024360657
0.999862671 -0.001569336 -0.016497662 -0.527045786 0.001696380 0.999969006 0.007689551 -0.311509907 0.016485086 -0.007716482 0.999834299 32.436782837
0.999864280 -0.002204240 -0.016331397 -0.559968889 0.002318138 0.999973059 0.006958507 -0.321232677 0.016315622 -0.006995421 0.999842346 33.834392548
0.999872088 -0.002255895 -0.015842900 -0.582500815 0.002338508 0.999983966 0.005197927 -0.336625576 0.015830919 -0.005234312 0.999861002 35.225151062
0.999881208 -0.000720991 -0.015401706 -0.615313113 0.000787791 0.999990463 0.004331518 -0.348903507 0.015398434 -0.004343137 0.999872029 36.581867218
0.999893785 -0.000838926 -0.014550132 -0.636465967 0.000889525 0.999993622 0.003471415 -0.366518438 0.014547127 -0.003483989 0.999888122 37.949504852
0.999913990 -0.000036725 -0.013117302 -0.664892554 0.000097570 0.999989271 0.004637938 -0.381648272 0.013116992 -0.004638819 0.999903262 39.293174744
0.999931991 0.000483191 -0.011646519 -0.690386534 -0.000406393 0.999978125 0.006595502 -0.398969829 0.011649451 -0.006590320 0.999910355 40.623729706
0.999952316 -0.000170143 -0.009752736 -0.713435769 0.000245338 0.999970317 0.007709557 -0.415646374 0.009751135 -0.007711582 0.999922693 41.923107147
0.999969542 0.000403683 -0.007785162 -0.723179936 -0.000339171 0.999965608 0.008286035 -0.428863138 0.007788240 -0.008283143 0.999935329 43.205776215
0.999990106 0.000131346 -0.004430196 -0.737993717 -0.000097047 0.999970078 0.007741428 -0.440579027 0.004431081 -0.007740922 0.999960184 44.481880188
0.999999344 -0.000947692 -0.000724478 -0.746513903 0.000952093 0.999980986 0.006099134 -0.457185537 0.000718685 -0.006099820 0.999981105 45.725624084
0.999995947 -0.000823182 0.002758515 -0.751812279 0.000811431 0.999990582 0.004258126 -0.468342721 -0.002761994 -0.004255869 0.999987125 46.955116272
0.999977648 -0.000350599 0.006681029 -0.748193324 0.000318022 0.999988019 0.004876526 -0.482782423 -0.006682659 -0.004874291 0.999965727 48.166336060
0.999929726 -0.000845521 0.011820536 -0.736562669 0.000786991 0.999987423 0.004955399 -0.499470741 -0.011824576 -0.004945748 0.999917865 49.401817322
0.999818206 0.001572202 0.018997582 -0.733208477 -0.001643186 0.999991715 0.003721470 -0.508708715 -0.018991571 -0.003752011 0.999812603 50.602832794
0.999653101 0.003197342 0.026141685 -0.713794768 -0.003293382 0.999987960 0.003631592 -0.521685779 -0.026129758 -0.003716427 0.999651611 51.786643982
0.999388635 0.003933338 0.034740824 -0.674304187 -0.004097580 0.999980927 0.004657701 -0.535176337 -0.034721840 -0.004797207 0.999385476 52.991035461
0.998950124 0.006436256 0.045356255 -0.633979857 -0.006687913 0.999963164 0.005398868 -0.548281550 -0.045319833 -0.005696538 0.998956263 54.164997101
0.998284936 0.008159777 0.057969831 -0.577060699 -0.008482929 0.999949872 0.005330598 -0.564250648 -0.057923432 -0.005813209 0.998304129 55.294597626
0.997311056 0.009777100 0.072629862 -0.504765153 -0.010235990 0.999930024 0.005948661 -0.578828096 -0.072566621 -0.006676104 0.997341275 56.427501678
0.995944858 0.012594893 0.089080185 -0.421194851 -0.013275126 0.999887049 0.007047826 -0.589327276 -0.088981353 -0.008201797 0.995999515 57.548492432
0.994200349 0.012735067 0.106786937 -0.309080452 -0.013660552 0.999875188 0.007939633 -0.599701941 -0.106672481 -0.009352353 0.994250238 58.659530640
0.991953135 0.012522659 0.125984758 -0.182286054 -0.013534569 0.999882698 0.007179186 -0.613804102 -0.125880092 -0.008826566 0.992006183 59.757518768
0.989163756 0.011851058 0.146337271 -0.025718890 -0.012864654 0.999899447 0.005981953 -0.616329551 -0.146251664 -0.007799709 0.989216685 60.855995178
0.985868871 0.008783097 0.167288601 0.145501196 -0.009922620 0.999932885 0.005977064 -0.634270132 -0.167224884 -0.007552542 0.985889852 61.907939911
0.982028842 0.003676850 0.188695297 0.348231733 -0.005334449 0.999951541 0.008277427 -0.644129753 -0.188655704 -0.009135258 0.982000828 62.940376282
0.977243781 -0.001808336 0.212111101 0.569616556 -0.000232489 0.999953926 0.009596155 -0.653011084 -0.212118670 -0.009427097 0.977198422 63.989067078
0.971766233 -0.006829872 0.235846639 0.818811119 0.004852152 0.999948025 0.008964978 -0.662280440 -0.235895619 -0.007567500 0.971748948 64.995712280
0.965239584 -0.012908474 0.261047602 1.093304157 0.011405904 0.999908507 0.007270176 -0.671535254 -0.261117607 -0.004039978 0.965298414 65.996307373
0.957681656 -0.016472444 0.287357986 1.391500592 0.014777432 0.999858320 0.008066719 -0.676384985 -0.287450194 -0.003478935 0.957789242 66.979827881
0.949146330 -0.018855870 0.314269930 1.713111043 0.016411602 0.999811053 0.010421916 -0.685031772 -0.314407051 -0.004734250 0.949276388 67.936134338
0.939332962 -0.023204366 0.342220813 2.051044464 0.019928116 0.999715686 0.013086968 -0.686223149 -0.342427164 -0.005473205 0.939528346 68.877548218
0.928416729 -0.026441896 0.370598555 2.426926136 0.023285672 0.999644458 0.012988960 -0.692827344 -0.370810241 -0.003429533 0.928702295 69.796424866
0.916302800 -0.025761792 0.399656832 2.814630270 0.024178674 0.999667168 0.009003300 -0.698196113 -0.399755746 0.001413423 0.916620553 70.688171387
0.903268695 -0.027145153 0.428216010 3.240665913 0.028356366 0.999591589 0.003551136 -0.700320780 -0.428137511 0.008935018 0.903669417 71.561737061
0.889111400 -0.028807748 0.456783652 3.683306217 0.031710137 0.999496281 0.001312225 -0.710946620 -0.456591398 0.013317955 0.889576852 72.409423828
0.873379827 -0.029635046 0.486137331 4.153842449 0.031366657 0.999497473 0.004577192 -0.719137490 -0.486028671 0.011250875 0.873870432 73.242042542
0.855677724 -0.028286453 0.516735315 4.650613308 0.026766008 0.999587655 0.010395472 -0.728065073 -0.516816378 0.004935768 0.856081963 74.074325562
0.836089432 -0.028365949 0.547859132 5.177267075 0.024704034 0.999595940 0.014054165 -0.732641578 -0.548036575 0.001783791 0.836452484 74.878181458
0.814830124 -0.022297371 0.579270542 5.702779293 0.020872416 0.999740601 0.009122003 -0.734628499 -0.579323709 0.004657895 0.815084219 75.642669678
0.792874634 -0.015496793 0.609187484 6.264096260 0.017985808 0.999836326 0.002025254 -0.739397645 -0.609119058 0.009350957 0.793023586 76.373817444
0.770287812 -0.012917005 0.637565434 6.862012386 0.017010394 0.999855340 -0.000294507 -0.742148638 -0.637469411 0.011072094 0.770396173 77.103019714
0.746834040 -0.015563069 0.664828539 7.480506420 0.018079493 0.999831736 0.003095642 -0.752088726 -0.664764643 0.009707829 0.746989608 77.803245544
0.722487569 -0.016083524 0.691196978 8.121140480 0.018481024 0.999821365 0.003947266 -0.765332699 -0.691136777 0.009922175 0.722655654 78.464614868
0.697020829 -0.013969652 0.716914713 8.773355484 0.019190649 0.999815524 0.000824081 -0.774219692 -0.716794133 0.013183656 0.697160184 79.103401184
0.671119332 -0.011886070 0.741253972 9.451825142 0.019254936 0.999813616 -0.001401012 -0.785016119 -0.741099298 0.015213043 0.671223044 79.698776245
0.643817127 -0.009201249 0.765123963 10.146771431 0.017224126 0.999848604 -0.002469315 -0.793861508 -0.764985502 0.014768380 0.643878162 80.296890259
0.615753591 -0.007720951 0.787900865 10.865464211 0.017164243 0.999846041 -0.003616166 -0.807586610 -0.787751853 0.015750386 0.615791440 80.854888916
0.586824358 -0.001265711 0.809713244 11.605181694 0.015772030 0.999826849 -0.009867589 -0.823657453 -0.809560597 0.018561359 0.586742818 81.409484863
0.556860447 0.008153056 0.830566049 12.366670609 0.014662056 0.999699593 -0.019643620 -0.837575197 -0.830476642 0.023116561 0.556573570 81.919395447
0.525859118 0.016502393 0.850411534 13.139270782 0.013461906 0.999525070 -0.027720248 -0.863306761 -0.850465178 0.026025105 0.525387108 82.404174805
0.494048983 0.021536754 0.869167268 13.955397606 0.010849762 0.999462545 -0.030932473 -0.890619874 -0.869366348 0.024712414 0.493549794 82.874900818
0.461725652 0.020792643 0.886779070 14.782874107 0.009142517 0.999560595 -0.028197376 -0.925749660 -0.886975586 0.021126846 0.461332649 83.304664612
0.428364277 0.019731654 0.903390586 15.635562897 0.004528034 0.999702275 -0.023982340 -0.955663562 -0.903594792 0.014363763 0.428147316 83.719215393
0.393900275 0.020689704 0.918920159 16.489299774 0.000017626 0.999746501 -0.022517076 -0.992769718 -0.919153154 0.008885680 0.393800020 84.094100952
0.358787030 0.023975950 0.933111489 17.382726669 -0.006796822 0.999710679 -0.023073770 -1.015444994 -0.933394849 0.001936377 0.358846128 84.454833984
0.323372126 0.025776716 0.945920646 18.285417557 -0.011644637 0.999661624 -0.023260342 -1.045563698 -0.946200192 -0.003493158 0.323562831 84.760406494
0.286604077 0.025282551 0.957715511 19.196813583 -0.014399990 0.999652505 -0.022080325 -1.073171616 -0.957940757 -0.007462784 0.286868572 85.062866211
0.250286728 0.024872120 0.967852294 20.132959366 -0.015165890 0.999648035 -0.021767315 -1.101775646 -0.968052864 -0.009230271 0.250575811 85.308403015
0.214745969 0.024332354 0.976366818 21.066822052 -0.014643366 0.999657393 -0.021692069 -1.131011844 -0.976560116 -0.009639012 0.215028703 85.507324219
0.179089025 0.023122335 0.983561099 22.047708511 -0.012260063 0.999698520 -0.021269370 -1.158485055 -0.983756483 -0.008249410 0.179318532 85.693099976
0.144797876 0.022223001 0.989211619 23.014850616 -0.004047561 0.999752700 -0.021867342 -1.187008142 -0.989452958 -0.000837549 0.144852012 85.819168091
0.110915765 0.025505561 0.993502438 23.969308853 -0.001644246 0.999674022 -0.025480432 -1.221688509 -0.993828475 0.001192619 0.110921524 85.919578552
0.077996068 0.030448435 0.996488571 24.969430923 -0.001149549 0.999535620 -0.030451562 -1.257212162 -0.996952951 0.001229589 0.077994831 86.010971069
0.048826978 0.034341868 0.998216689 25.943756104 0.005780809 0.999382317 -0.034664735 -1.291704297 -0.998790443 0.007463071 0.048598297 86.048820496
0.023752701 0.032739412 0.999181628 26.927886963 0.007736740 0.999427676 -0.032931391 -1.327894449 -0.999687850 0.008512616 0.023485821 86.063766479
0.001323310 0.029481208 0.999564469 27.967573166 0.009469052 0.999520183 -0.029492443 -1.369288802 -0.999954283 0.009503956 0.001043517 86.065681458
-0.017753409 0.027003340 0.999477684 28.957004547 0.009574478 0.999593973 -0.026836418 -1.404786587 -0.999796569 0.009093038 -0.018004742 86.050506592
-0.034077622 0.030165110 0.998963833 29.945945740 0.011690903 0.999488056 -0.029782131 -1.444071412 -0.999350786 0.010663885 -0.034412827 86.013183594
-0.048808489 0.034650490 0.998206913 30.988658905 0.013798814 0.999326050 -0.034014635 -1.478572369 -0.998712778 0.012113869 -0.049253728 85.961921692
-0.060798787 0.039832421 0.997354925 31.981563568 0.017894624 0.999086320 -0.038810711 -1.519443393 -0.997989595 0.015487647 -0.061456021 85.896675110
-0.069606811 0.043370940 0.996631265 32.991519928 0.023551496 0.998847485 -0.041822512 -1.566082358 -0.997296393 0.020561019 -0.070548043 85.820030212
-0.075511023 0.048696294 0.995955169 33.992935181 0.027024154 0.998539984 -0.046773762 -1.613858461 -0.996778667 0.023382908 -0.076716736 85.737854004
-0.079045743 0.053385157 0.995440483 34.997280121 0.029204546 0.998260438 -0.051217321 -1.671473861 -0.996443033 0.025022872 -0.080467328 85.652755737
-0.081879087 0.057586934 0.994977117 36.003517151 0.031483058 0.997980475 -0.055169951 -1.729852080 -0.996144891 0.026807655 -0.083526738 85.568046570
-0.084362723 0.060275380 0.994610369 37.019737244 0.032213598 0.997812033 -0.057737060 -1.795850039 -0.995914221 0.027169123 -0.086119823 85.474327087
-0.086915560 0.063841514 0.994168043 38.030693054 0.033213407 0.997575462 -0.061156642 -1.862288356 -0.995661914 0.027704237 -0.088825226 85.387031555
-0.088560760 0.067750029 0.993764043 39.042015076 0.034509432 0.997293949 -0.064915322 -1.926046729 -0.995472789 0.028545283 -0.090659127 85.284088135
-0.091036618 0.069077633 0.993448853 40.057750702 0.037322700 0.997127116 -0.065913260 -1.997795463 -0.995147943 0.031077672 -0.093353234 85.189689636
-0.093287371 0.067689039 0.993335605 41.087356567 0.037664238 0.997212112 -0.064416014 -2.077930212 -0.994926512 0.031404030 -0.095576748 85.098548889
-0.094815344 0.067503251 0.993203640 42.120052338 0.036964715 0.997249007 -0.064249426 -2.147636652 -0.994808316 0.030621655 -0.097049758 84.984733582
-0.097094297 0.068894014 0.992887974 43.150646210 0.036861777 0.997165740 -0.065586165 -2.216750145 -0.994592309 0.030231567 -0.099358670 84.880180359
-0.099213831 0.071018793 0.992528617 44.170471191 0.036163423 0.997048259 -0.067727260 -2.295650482 -0.994408727 0.029173752 -0.101489268 84.770103455
-0.101705775 0.073199034 0.992117882 45.205272675 0.034698058 0.996943474 -0.069998056 -2.374428749 -0.994209170 0.027305355 -0.103934765 84.662849426
-0.104278669 0.076667130 0.991588712 46.229606628 0.031873919 0.996769845 -0.073715761 -2.455964088 -0.994037211 0.023918830 -0.106385499 84.559951782
-0.106557190 0.080828279 0.991015851 47.269920349 0.028208170 0.996535122 -0.078245379 -2.535273314 -0.993906319 0.019617131 -0.108467981 84.454956055
-0.109303579 0.083524831 0.990492940 48.315731049 0.025730375 0.996367216 -0.081180766 -2.616521597 -0.993675292 0.016612405 -0.111055620 84.337890625
-0.112343058 0.081811294 0.990295887 49.356330872 0.023384485 0.996546566 -0.079674855 -2.704998255 -0.993394256 0.014206642 -0.113868207 84.229118347
-0.114699498 0.077771224 0.990351260 50.423652649 0.021251922 0.996894777 -0.075823747 -2.792104959 -0.993172824 0.012349919 -0.115996130 84.092742920
-0.117055111 0.076238282 0.990194857 51.472572327 0.021595515 0.997008801 -0.074210025 -2.877086163 -0.992890596 0.012697104 -0.118351392 83.973426819
-0.119154461 0.076590240 0.989917219 52.517333984 0.021248136 0.996988595 -0.074579790 -2.965268373 -0.992648363 0.012147381 -0.120423041 83.853439331
-0.120348051 0.079652540 0.989531100 53.567985535 0.022210432 0.996742368 -0.077531762 -3.044752598 -0.992483377 0.012647113 -0.121725120 83.728424072
-0.121183708 0.082151711 0.989224732 54.624855042 0.022760335 0.996537268 -0.079970792 -3.135615349 -0.992369115 0.012823931 -0.122633867 83.597511292
-0.121546060 0.082721084 0.989132822 55.682830811 0.021604706 0.996505618 -0.080682851 -3.227480650 -0.992350638 0.011563241 -0.122908495 83.473083496
-0.121613115 0.081502460 0.989225745 56.755439758 0.018349461 0.996637404 -0.079857275 -3.316260815 -0.992407918 0.008440067 -0.122699700 83.343429565
-0.121865541 0.080728546 0.989258111 57.822193146 0.014506303 0.996725261 -0.079550892 -3.411056995 -0.992440641 0.004655967 -0.122637510 83.224281311
-0.121572986 0.081996940 0.989189804 58.899814606 0.010978009 0.996632040 -0.081264645 -3.500624180 -0.992521763 0.000979751 -0.122063704 83.093009949
-0.121857889 0.082206890 0.989137352 59.980705261 0.006884056 0.996610224 -0.081979863 -3.591922998 -0.992523670 -0.003180617 -0.122010730 82.965675354
-0.121979766 0.081570782 0.989175022 61.058109283 0.003234418 0.996644497 -0.081787899 -3.688445807 -0.992527246 -0.006777064 -0.121834293 82.838287354
-0.122352667 0.076416880 0.989540458 62.154891968 0.003967043 0.997061253 -0.076507159 -3.780811310 -0.992478669 -0.005435306 -0.122296251 82.712127686
-0.122705273 0.067877449 0.990119278 63.248725891 0.007017340 0.997692704 -0.067526989 -3.866342783 -0.992418289 -0.001337915 -0.122898504 82.581687927
-0.122965559 0.062183425 0.990460873 64.339546204 0.012783296 0.998051465 -0.061072931 -3.953324080 -0.992328584 0.005151486 -0.123520873 82.453742981
-0.121751867 0.064789332 0.990443766 65.452346802 0.021512322 0.997805178 -0.062626436 -4.025920868 -0.992327392 0.013681859 -0.122878410 82.292114258
-0.120289624 0.070594281 0.990225613 66.540306091 0.027086597 0.997330487 -0.067810394 -4.098103523 -0.992369235 0.018664956 -0.121880665 82.151931763
-0.119757384 0.076513365 0.989850461 67.632392883 0.030520275 0.996838331 -0.073361009 -4.177629948 -0.992333889 0.021424988 -0.121713959 82.022354126
-0.119169019 0.080283642 0.989622772 68.743301392 0.031192016 0.996536195 -0.077088408 -4.271350861 -0.992383897 0.021681778 -0.121260449 81.886528015
-0.119263031 0.077601999 0.989825368 69.856658936 0.027743408 0.996812046 -0.074806988 -4.355635643 -0.992474973 0.018539419 -0.121035770 81.767509460
-0.118576854 0.073421903 0.990226686 70.964630127 0.027674185 0.997119486 -0.070619084 -4.443863392 -0.992559135 0.019029923 -0.120267168 81.634452820
-0.117943376 0.071157016 0.990467548 72.127998352 0.025701730 0.997313917 -0.068588339 -4.530535221 -0.992687583 0.017367184 -0.119455434 81.477584839
-0.117960058 0.072133616 0.990394950 73.254936218 0.023573536 0.997280538 -0.069827400 -4.609987259 -0.992738426 0.015110264 -0.119339712 81.351058960
-0.118088745 0.077004306 0.990012765 74.375114441 0.025462139 0.996895790 -0.074502543 -4.706907749 -0.992676556 0.016409928 -0.119682856 81.230667114
-0.116646916 0.079615697 0.989977181 75.513206482 0.024675915 0.996706367 -0.077249363 -4.790875435 -0.992866814 0.015417693 -0.118227325 81.076606750
-0.116011895 0.078521714 0.990139246 76.659080505 0.024875874 0.996787131 -0.076134302 -4.879953384 -0.992936313 0.015798090 -0.117592484 80.941207886
-0.115945339 0.071631752 0.990669191 77.806243896 0.026077708 0.997271836 -0.069057092 -4.973769188 -0.992913187 0.017827533 -0.117497027 80.812026978
-0.116390042 0.069998965 0.990733802 78.966033936 0.025264204 0.997399211 -0.067501903 -5.061122894 -0.992882133 0.017173547 -0.117855817 80.678871155
-0.116276778 0.073112808 0.990522087 80.112747192 0.022175122 0.997229457 -0.071004771 -5.143740177 -0.992969215 0.013708740 -0.117575914 80.562965393
-0.115890801 0.076236017 0.990332007 81.286201477 0.022231044 0.996999443 -0.074147768 -5.227252007 -0.993013084 0.013423067 -0.117237858 80.420333862
-0.115879983 0.075769015 0.990369141 82.455886841 0.021131532 0.997048676 -0.073807508 -5.316783905 -0.993038356 0.012375206 -0.117139086 80.289306641
-0.115488678 0.072232224 0.990679026 83.647819519 0.021194996 0.997304678 -0.070244499 -5.408549309 -0.993082523 0.012884993 -0.116708346 80.148437500
-0.114540614 0.071111873 0.990870059 84.841804504 0.020892404 0.997386515 -0.069164455 -5.502032280 -0.993198812 0.012779516 -0.115726970 80.007247925
-0.113492690 0.071518600 0.990961373 86.027954102 0.022426536 0.997336090 -0.069410205 -5.591951847 -0.993285656 0.014346279 -0.114794269 79.875007629
-0.112317912 0.071815707 0.991073728 87.220695496 0.024701970 0.997278452 -0.069465853 -5.680890083 -0.993365228 0.016679211 -0.113786228 79.734260559
-0.111382931 0.071329758 0.991214395 88.424636841 0.024735451 0.997310758 -0.068988964 -5.767504215 -0.993469656 0.016833942 -0.112847768 79.601776123
-0.110225096 0.072070301 0.991290212 89.622756958 0.025775941 0.997239411 -0.069636717 -5.856050014 -0.993572295 0.017875720 -0.111778483 79.470382690
-0.108874507 0.070224345 0.991571963 90.817901611 0.025246209 0.997375131 -0.067863323 -5.948759079 -0.993734777 0.017644841 -0.110361636 79.342170715
-0.107541814 0.069208123 0.991788745 92.045372009 0.024168173 0.997461319 -0.066983372 -6.038352489 -0.993906736 0.016766211 -0.108941428 79.201446533
-0.105975419 0.068751082 0.991989255 93.258789062 0.025178956 0.997472584 -0.066441238 -6.122161865 -0.994049907 0.017936112 -0.107438661 79.073402405
-0.103585541 0.069321625 0.992201924 94.488349915 0.023545489 0.997459650 -0.067230828 -6.216691017 -0.994341850 0.016397735 -0.104954600 78.937957764
-0.103120744 0.072144851 0.992049038 95.705780029 0.023196084 0.997269332 -0.070113316 -6.301001072 -0.994398296 0.015781516 -0.104512632 78.816429138
-0.102397174 0.070904277 0.992213428 96.926620483 0.020636966 0.997393191 -0.069144666 -6.388715267 -0.994529486 0.013396055 -0.103593484 78.701354980
-0.101480417 0.069590040 0.992400587 98.173233032 0.017499018 0.997520983 -0.068159699 -6.484654903 -0.994683623 0.010449161 -0.102446593 78.573143005
-0.101297550 0.070812136 0.992332935 99.410217285 0.014635086 0.997461796 -0.069684185 -6.570108414 -0.994748533 0.007464040 -0.102076761 78.449401855
-0.101581328 0.070171557 0.992349327 100.647598267 0.011944261 0.997523367 -0.069314755 -6.664171219 -0.994755566 0.004811794 -0.102167889 78.326942444
-0.102486640 0.067472413 0.992443442 101.890914917 0.009270162 0.997718394 -0.066873714 -6.757415295 -0.994691253 0.002346448 -0.102878273 78.200927734
-0.103744157 0.066215426 0.992397428 103.157447815 0.007253478 0.997805297 -0.065817982 -6.845417976 -0.994577467 0.000370100 -0.103996754 78.074272156
-0.105750658 0.065765195 0.992215514 104.417976379 0.004896612 0.997832954 -0.065615639 -6.932247639 -0.994380593 -0.002080405 -0.105843522 77.957450867
-0.106755994 0.065367021 0.992134333 105.667518616 0.005269647 0.997859836 -0.065177239 -7.028391838 -0.994271278 -0.001729863 -0.106871992 77.817733765
-0.109186262 0.064148821 0.991949260 106.924713135 0.004687177 0.997937620 -0.064020164 -7.115513802 -0.994010329 -0.002340680 -0.109261751 77.686691284
-0.112385154 0.059272103 0.991895378 108.188880920 0.001934695 0.998230517 -0.059431460 -7.203744888 -0.993662834 -0.004760199 -0.112300955 77.553886414
-0.116908871 0.059189897 0.991377234 109.446388245 0.000817453 0.998227894 -0.059502508 -7.286665916 -0.993142307 -0.006145967 -0.116750069 77.413932800
-0.122130617 0.065419748 0.990355670 110.683219910 -0.003126107 0.997795105 -0.066296682 -7.370250702 -0.992509127 -0.011192813 -0.121656820 77.266090393
-0.129556581 0.068573028 0.989198029 111.904640198 -0.002360613 0.997581780 -0.069463372 -7.457646847 -0.991569221 -0.011334550 -0.129081398 77.119903564
-0.137942865 0.064425632 0.988342583 113.160812378 -0.000737222 0.997875214 -0.065149926 -7.553677559 -0.990439892 -0.009715593 -0.137602270 76.933265686
-0.148775250 0.062496655 0.986894131 114.388267517 0.001553412 0.998014390 -0.062966682 -7.643132687 -0.988869786 -0.007834829 -0.148576915 76.752014160
-0.161927491 0.063217632 0.984775662 115.605163574 0.001872221 0.997963905 -0.063756384 -7.734159470 -0.986800790 -0.008480196 -0.161716133 76.563606262
-0.175941378 0.063447066 0.982353866 116.820999146 0.003929870 0.997958124 -0.063751049 -7.822747707 -0.984392822 -0.007355925 -0.175831482 76.349143982
-0.190341786 0.061434895 0.979793668 118.035690308 0.004183680 0.998081744 -0.061768826 -7.909953117 -0.981708944 -0.007658047 -0.190233693 76.120101929
-0.205497965 0.064051777 0.976559222 119.236953735 0.008407241 0.997934639 -0.063684635 -7.999128342 -0.978621423 -0.004876893 -0.205612019 75.866004944
-0.220919400 0.067421019 0.972958863 120.419181824 0.008630264 0.997703850 -0.067176133 -8.088312149 -0.975253820 -0.006443615 -0.220993981 75.609008789
-0.236126840 0.071242914 0.969107091 121.583106995 0.008417746 0.997421324 -0.071273394 -8.179476738 -0.971685767 -0.008671862 -0.236117616 75.331062317
-0.251804829 0.069141209 0.965305030 122.761497498 0.005108554 0.997525692 -0.070116460 -8.276309013 -0.967764556 -0.012724354 -0.251535058 75.030525208
-0.268419743 0.063378088 0.961214900 123.923873901 -0.000575821 0.997822523 -0.065952636 -8.369421005 -0.963301897 -0.018256478 -0.267798811 74.733421326
-0.284105748 0.059338268 0.956955016 125.114151001 -0.004568643 0.997987926 -0.063238978 -8.455628395 -0.958782017 -0.022338539 -0.283263057 74.401840210
-0.299509168 0.060719799 0.952159345 126.261596680 -0.006532613 0.997818947 -0.065686427 -8.542221069 -0.954071045 -0.025893772 -0.298459291 74.058708191
-0.313274771 0.062835947 0.947581410 127.413070679 -0.006470579 0.997644246 -0.068294905 -8.630161285 -0.949640453 -0.027526474 -0.312130153 73.678977966
-0.327321321 0.064978562 0.942676246 128.550369263 -0.005124668 0.997496128 -0.070536688 -8.722154617 -0.944899142 -0.027919069 -0.326168686 73.296852112
-0.341586143 0.064614758 0.937626660 129.686416626 -0.002990942 0.997554183 -0.069834165 -8.822602272 -0.939845681 -0.026658773 -0.340557396 72.891937256
-0.355641246 0.062521167 0.932528973 130.807769775 -0.003332166 0.997668922 -0.068159245 -8.917004585 -0.934616625 -0.027347578 -0.354603827 72.477485657
-0.369981378 0.061393004 0.927008390 131.933563232 -0.003058461 0.997728348 -0.067297235 -9.011163712 -0.929034114 -0.027733948 -0.368953109 72.030250549
-0.384762257 0.062912993 0.920869112 133.033248901 -0.004505299 0.997534573 -0.070033140 -9.101746559 -0.923004687 -0.031094898 -0.383530140 71.582466125
-0.400011092 0.065064535 0.914197862 134.114227295 -0.003595758 0.997357905 -0.072556481 -9.193145752 -0.916503251 -0.032310627 -0.398720175 71.121238708
-0.414201915 0.066924304 0.907721281 135.225433350 -0.001813734 0.997230470 -0.074351244 -9.293300629 -0.910183191 -0.032442797 -0.412933379 70.620300293
-0.428356200 0.069789477 0.900910914 136.305313110 0.001431915 0.997064173 -0.076557204 -9.390114784 -0.903608799 -0.031503730 -0.427198529 70.105056763
-0.443755597 0.072396688 0.893218756 137.386367798 0.000457161 0.996749580 -0.080560893 -9.494592667 -0.896147668 -0.035341006 -0.442346305 69.593238831
-0.458604991 0.074968003 0.885472417 138.453231812 0.001630257 0.996504426 -0.083524138 -9.591935158 -0.888638735 -0.036861032 -0.457124054 69.043624878
-0.474246442 0.072034054 0.877440214 139.525299072 -0.000013371 0.996646464 -0.081827611 -9.697647095 -0.880392134 -0.038818192 -0.472655118 68.489280701
-0.490630478 0.067482457 0.868750811 140.600479126 -0.002870664 0.996866107 -0.079055376 -9.803306580 -0.871363044 -0.041280862 -0.488899142 67.906372070
-0.506403744 0.067572005 0.859644830 141.660049438 -0.003090866 0.996776283 -0.080171943 -9.909853935 -0.862290919 -0.043256424 -0.504562497 67.294876099
-0.522482097 0.066598572 0.850045264 142.713745117 -0.004437261 0.996719062 -0.080817394 -10.010974884 -0.852638602 -0.045997530 -0.520472467 66.668518066
-0.538280427 0.065973863 0.840179443 143.762710571 -0.004987317 0.996664405 -0.081456855 -10.107727051 -0.842750967 -0.048036873 -0.536155939 66.009109497
-0.554077268 0.065320499 0.829898477 144.795089722 -0.006120232 0.996570230 -0.082525194 -10.216766357 -0.832442641 -0.050804511 -0.551777244 65.338302612
-0.569413960 0.064639024 0.819505572 145.828048706 -0.006426795 0.996523321 -0.083066903 -10.326117516 -0.822025716 -0.052566249 -0.567018807 64.637031555
-0.584690332 0.062267341 0.808863342 146.840347290 -0.006602902 0.996651828 -0.081496462 -10.429764748 -0.811229646 -0.052991040 -0.582321465 63.919635773
-0.599553645 0.058392826 0.798201442 147.858551025 -0.007074069 0.996909201 -0.078242935 -10.537064552 -0.800303280 -0.052557372 -0.597287536 63.168014526
-0.614409089 0.056606445 0.786954284 148.852096558 -0.006240013 0.997043133 -0.076590203 -10.643658638 -0.788962901 -0.051968321 -0.612239182 62.403682709
-0.629146814 0.055028819 0.775336146 149.827957153 -0.007053503 0.997045517 -0.076488011 -10.745300293 -0.777254403 -0.053591028 -0.626899898 61.627265930
-0.643990874 0.056078825 0.762974977 150.796981812 -0.008229651 0.996744275 -0.080207177 -10.850697517 -0.764988840 -0.057931706 -0.641432822 60.829090118
-0.659257770 0.055469505 0.749868274 151.753875732 -0.010462815 0.996501982 -0.082912110 -10.954584122 -0.751844287 -0.062506184 -0.656371176 60.009078979
-0.675274730 0.052124921 0.735722125 152.709579468 -0.012297169 0.996565342 -0.081892155 -11.066091537 -0.737463772 -0.064346999 -0.672314346 59.166961670
-0.691519856 0.044586938 0.720980048 153.641815186 -0.015800171 0.996920824 -0.076806270 -11.175230980 -0.722184539 -0.064504661 -0.688686132 58.302642822
-0.708426178 0.042076997 0.704529583 154.558654785 -0.016900178 0.996923804 -0.076533452 -11.278594971 -0.705582559 -0.066124976 -0.705535710 57.410343170
-0.725827932 0.039683662 0.686730742 155.455245972 -0.018155102 0.996881664 -0.076794878 -11.382449150 -0.687636673 -0.068207525 -0.722843945 56.490867615
-0.743432820 0.035476483 0.667868972 156.330947876 -0.021897713 0.996765673 -0.077322386 -11.486458778 -0.668451905 -0.072108798 -0.740251482 55.562934875
-0.760155559 0.033822451 0.648860097 157.180862427 -0.021261238 0.996814609 -0.076867983 -11.589472771 -0.649393082 -0.072227173 -0.757015109 54.602157593
-0.775934160 0.035702866 0.629802704 158.009704590 -0.019064192 0.996613681 -0.079984628 -11.704304695 -0.630525768 -0.074069478 -0.772625983 53.599697113
-0.790899754 0.035483129 0.610916078 158.800170898 -0.015531473 0.996831834 -0.078005075 -11.807078362 -0.611748576 -0.071182616 -0.787843049 52.590911865
-0.805762649 0.036739048 0.591097951 159.592605591 -0.011471010 0.996918559 -0.077599227 -11.924066544 -0.592127621 -0.069307037 -0.802858233 51.555629730
-0.819990873 0.037725583 0.571131825 160.325790405 -0.009918963 0.996739209 -0.080079623 -12.031360626 -0.572290540 -0.071329579 -0.816942751 50.505073547
-0.833751500 0.039104756 0.550753176 161.044113159 -0.009043642 0.996387899 -0.084436469 -12.145823479 -0.552065611 -0.075379848 -0.830386221 49.448535919
-0.846728265 0.039684046 0.530543506 161.741378784 -0.006196633 0.996410966 -0.084419988 -12.258237839 -0.531989515 -0.074768379 -0.843443334 48.369403839
-0.858425379 0.037699685 0.511551142 162.409301758 -0.005130730 0.996614516 -0.082057074 -12.372025490 -0.512912810 -0.073064499 -0.855325580 47.271800995
-0.868842959 0.039704315 0.493492991 163.046554565 -0.002008742 0.996488154 -0.083709732 -12.485989571 -0.495083511 -0.073721908 -0.865711987 46.167297363
-0.878250659 0.042669408 0.476293057 163.659637451 0.000933488 0.996162176 -0.087521367 -12.599340439 -0.478199631 -0.076421067 -0.874919951 45.047241211
-0.887303829 0.040140010 0.459435225 164.263229370 -0.001056486 0.996025562 -0.089061320 -12.716951370 -0.461184144 -0.079509839 -0.883734822 43.919834137
-0.895520985 0.037678603 0.443421423 164.847610474 -0.001731151 0.996106744 -0.088137820 -12.843521118 -0.445015967 -0.079696894 -0.891969264 42.777629852
-0.902721703 0.035559289 0.428753078 165.410430908 -0.002780296 0.996075392 -0.088464849 -12.965033531 -0.430216193 -0.081051178 -0.899079919 41.621341705
-0.909332871 0.033387180 0.414727718 165.954666138 -0.003476807 0.996130645 -0.087815627 -13.089723587 -0.416054934 -0.081295565 -0.905698180 40.452625275
-0.915609956 0.030993821 0.400871098 166.482467651 -0.004443183 0.996183753 -0.087169550 -13.211395264 -0.402042955 -0.081594467 -0.911977947 39.281085968
-0.921298087 0.025872352 0.387995362 166.994491577 -0.007237946 0.996470392 -0.083633326 -13.325743675 -0.388789654 -0.079859503 -0.917858899 38.085979462
-0.926423907 0.022527091 0.375807464 167.503768921 -0.008269919 0.996749759 -0.080134965 -13.446413040 -0.376391202 -0.077346861 -0.923226416 36.893386841
-0.930787861 0.023204366 0.364822358 167.983245850 -0.005270553 0.997027695 -0.076862521 -13.557072639 -0.365521550 -0.073465526 -0.927899122 35.688652039
-0.933956802 0.027044436 0.356361091 168.448944092 -0.001201968 0.996889353 -0.078804620 -13.666046143 -0.357383788 -0.074028447 -0.931019127 34.497650146
-0.936316788 0.031969003 0.349698156 168.904129028 0.003966856 0.996746778 -0.080500185 -13.773361206 -0.351134002 -0.073986471 -0.933397532 33.302608490
-0.938181698 0.035775047 0.344289333 169.346359253 0.007694350 0.996554255 -0.082584836 -13.887582779 -0.346057504 -0.074830487 -0.935224295 32.097419739
-0.939997256 0.032727081 0.339608490 169.790832520 0.005303602 0.996670067 -0.081366442 -14.002295494 -0.341140509 -0.074683070 -0.937040806 30.891635895
-0.941889346 0.025373157 0.334963590 170.243988037 -0.000723245 0.996987820 -0.077554554 -14.116821289 -0.335922420 -0.073290065 -0.939033866 29.675050735
-0.943773508 0.019168409 0.330036521 170.686752319 -0.006163610 0.997123837 -0.075538114 -14.226230621 -0.330535203 -0.073325083 -0.940940917 28.468976974
-0.945285201 0.012785788 0.325994432 171.116943359 -0.013161649 0.996923685 -0.077265032 -14.330762863 -0.325979501 -0.077328116 -0.942208886 27.247325897
-0.946541488 0.010174190 0.322421551 171.544265747 -0.016473420 0.996673763 -0.079812065 -14.440760612 -0.322161168 -0.080856800 -0.943225443 26.038955688
-0.947415709 0.010135862 0.319844693 171.965164185 -0.017091915 0.996468723 -0.082206227 -14.551694870 -0.319548398 -0.083350226 -0.943896949 24.837673187
-0.947694004 0.010904968 0.318993688 172.382659912 -0.016930526 0.996291697 -0.084357448 -14.662935257 -0.318730593 -0.085345782 -0.943995059 23.634422302
-0.947490275 0.013345073 0.319506079 172.788864136 -0.015089908 0.996150017 -0.086355925 -14.779413223 -0.319428355 -0.086642705 -0.943641126 22.407121658
-0.947146177 0.014299226 0.320483536 173.206237793 -0.014648998 0.996036232 -0.087733954 -14.899110794 -0.320467770 -0.087791644 -0.943182409 21.199548721
-0.946673810 0.015640583 0.321813673 173.624252319 -0.013934364 0.995899081 -0.089392520 -15.024788857 -0.321892083 -0.089109831 -0.942573488 19.982177734
-0.946002722 0.016842987 0.323720783 174.042541504 -0.012680628 0.995961964 -0.088875629 -15.150671005 -0.323910505 -0.088181563 -0.941969156 18.778764725
-0.945399940 0.016111087 0.325513870 174.471023560 -0.013821407 0.995896876 -0.089433149 -15.269561768 -0.325619161 -0.089049175 -0.941298187 17.594903946
-0.943941236 0.014819878 0.329780400 174.889541626 -0.015585551 0.995876968 -0.089364395 -15.394153595 -0.329745114 -0.089494556 -0.939818561 16.403337479
-0.942352653 0.013104279 0.334364682 175.324249268 -0.017134737 0.996032298 -0.087327547 -15.509474754 -0.334182382 -0.088022597 -0.938389122 15.206146240
-0.940477788 0.010615424 0.339689374 175.766479492 -0.019304747 0.996229589 -0.084580466 -15.629544258 -0.339306474 -0.086103663 -0.936726928 14.028099060
-0.937989593 0.008248053 0.346565187 176.210830688 -0.021348568 0.996445060 -0.081495397 -15.746170044 -0.346005261 -0.083840519 -0.934478939 12.849946022
-0.935545146 0.010505035 0.353050977 176.663894653 -0.019661203 0.996458948 -0.081749626 -15.855167389 -0.352659523 -0.083421856 -0.932025731 11.683659554
-0.932063997 0.011081795 0.362124145 177.107421875 -0.019592358 0.996527672 -0.080924325 -15.974949837 -0.361763477 -0.082521506 -0.928610444 10.519971848
-0.928276658 0.013880269 0.371631294 177.572952271 -0.018549500 0.996331215 -0.083546266 -16.083913803 -0.371427536 -0.084447615 -0.924613535 9.367867470
-0.923924804 0.015285579 0.382268608 178.044616699 -0.017628077 0.996439219 -0.082450323 -16.197164536 -0.382167667 -0.082916565 -0.920365453 8.207201958
-0.919134319 0.016761059 0.393587679 178.538787842 -0.017528970 0.996364772 -0.083365448 -16.314441681 -0.393554211 -0.083523214 -0.915499270 7.078637600
-0.913359463 0.019240279 0.406699300 179.041000366 -0.016819887 0.996247172 -0.084904693 -16.422529221 -0.406806588 -0.084389128 -0.909608006 5.944981098
-0.907364070 0.021447694 0.419798046 179.576248169 -0.015899517 0.996231675 -0.085263662 -16.532312393 -0.420044750 -0.084039763 -0.903603673 4.794391632
-0.900902808 0.021692725 0.433478385 180.124526978 -0.015365672 0.996529996 -0.081804380 -16.652502060 -0.433748722 -0.080358483 -0.897443295 3.645069838
-0.894419312 0.023879506 0.446591318 180.680709839 -0.014255689 0.996543884 -0.081836671 -16.773872375 -0.447001934 -0.079562761 -0.890987575 2.534395695
-0.887388468 0.026145158 0.460280508 181.254226685 -0.012690046 0.996627033 -0.081076592 -16.883996964 -0.460847735 -0.077787407 -0.884063542 1.409720063
-0.880135179 0.027792299 0.473908871 181.852096558 -0.010859623 0.996844888 -0.078628086 -16.992818832 -0.474598885 -0.074349806 -0.877056420 0.307490915
-0.872576058 0.029996136 0.487556428 182.464920044 -0.008165705 0.997077644 -0.075957708 -17.097091675 -0.488410056 -0.070260108 -0.869781017 -0.786460280
-0.863940597 0.032433145 0.502548158 183.082839966 -0.005904928 0.997202933 -0.074508160 -17.201063156 -0.503559053 -0.067338124 -0.861332536 -1.880182266
-0.855680645 0.035176020 0.516307235 183.724227905 -0.003398421 0.997283876 -0.073577188 -17.299686432 -0.517492950 -0.064713210 -0.853236854 -2.905508518
-0.844356775 0.038971264 0.534362078 184.351577759 0.000760447 0.997437358 -0.071541928 -17.403543472 -0.535780787 -0.060000572 -0.842222571 -3.957868576
-0.833785713 0.041714866 0.550509930 185.013961792 0.003246856 0.997494638 -0.070667520 -17.500572205 -0.552078545 -0.057134144 -0.831832230 -4.957261562
-0.821916997 0.043077186 0.567976117 185.693572998 0.004767323 0.997621536 -0.068764150 -17.613632202 -0.569587350 -0.053810697 -0.820167422 -5.973940372
-0.810622692 0.045138374 0.583826542 186.408554077 0.005857287 0.997599661 -0.068996496 -17.706644058 -0.585539579 -0.052510481 -0.808941305 -6.947900295
-0.797475576 0.047520593 0.601476908 187.135879517 0.007734891 0.997616768 -0.068562821 -17.801147461 -0.603301585 -0.050024819 -0.795942605 -7.929832458
-0.783676147 0.048432782 0.619278491 187.889816284 0.008884214 0.997727573 -0.066788010 -17.888294220 -0.621105909 -0.046838373 -0.782325745 -8.889220238
-0.768610537 0.050396249 0.637728810 188.663391113 0.011318636 0.997807324 -0.065209761 -17.981271744 -0.639616728 -0.042902675 -0.767495751 -9.822508812
