1.000000000 0.000000000 0.000000000 0.000000000 0.000000000 1.000000000 0.000000000 0.000000000 0.000000000 0.000000000 1.000000000 0.000000000
0.999998629 0.000727478 0.001473497 -0.006720782 -0.000720782 0.999989450 -0.004539325 -0.002625600 -0.001476784 0.004538257 0.999988616 0.964499414
0.999996722 -0.001404810 0.002139525 -0.002174898 0.001416298 0.999984562 -0.005377555 -0.000412015 -0.002131937 0.005380568 0.999983251 1.918926835
0.999993622 -0.002308657 0.002715090 -0.009272336 0.002312247 0.999996424 -0.001320113 -0.003300228 -0.002712032 0.001326383 0.999995470 2.858703613
0.999986470 -0.004748652 0.002126300 -0.007362495 0.004738201 0.999976814 0.004893680 -0.007021169 -0.002149489 -0.004883538 0.999985754 3.805938482
0.999964535 -0.008396188 0.000585449 -0.004418645 0.008393213 0.999952793 0.004909489 -0.004419730 -0.000626642 -0.004904402 0.999987841 4.742364407
0.999939978 -0.010955913 -0.000118906 -0.006732513 0.010956125 0.999938071 0.001963321 -0.000178340 0.000097388 -0.001964506 0.999998093 5.672522068
0.999931335 -0.011664700 -0.001080795 -0.010084304 0.011662823 0.999930501 -0.001727022 0.006606456 0.001100865 0.001714298 0.999997973 6.602084160
0.999937057 -0.011113681 -0.001524175 -0.017297460 0.011110869 0.999936521 -0.001840049 -0.001293749 0.001544528 0.001822998 0.999997139 7.527300358
0.999934435 -0.011108438 -0.002760476 -0.025182735 0.011108555 0.999938309 0.000026577 -0.000976431 0.002760011 -0.000057240 0.999996185 8.442297935
0.999939084 -0.010618576 -0.003021120 -0.036756162 0.010626376 0.999940217 0.002577288 0.005723680 0.002993573 -0.002609234 0.999992132 9.376756668
0.999932349 -0.010972127 -0.003869094 -0.045828596 0.010988109 0.999931097 0.004134105 0.008127971 0.003823468 -0.004176339 0.999984026 10.298755646
0.999916911 -0.012035510 -0.004617230 -0.049362931 0.012058097 0.999915242 0.004895484 0.010445452 0.004557919 -0.004950752 0.999977350 11.207446098
0.999908447 -0.012344330 -0.005534886 -0.056769293 0.012372532 0.999910414 0.005090513 0.011614255 0.005471552 -0.005158527 0.999971688 12.122335434
0.999900758 -0.012706819 -0.006084314 -0.067995802 0.012727382 0.999913394 0.003352884 0.017703103 0.006041182 -0.003429988 0.999975860 13.022551537
0.999885261 -0.013307690 -0.007237512 -0.080939583 0.013319264 0.999910116 0.001553394 0.022265565 0.007216189 -0.001649614 0.999972522 13.925271988
0.999853075 -0.014622210 -0.008946499 -0.089013986 0.014621838 0.999893188 -0.000106852 0.030762516 0.008947105 -0.000023978 0.999960005 14.830458641
0.999842644 -0.014217774 -0.010607848 -0.105782025 0.014213232 0.999898851 -0.000503549 0.027626073 0.010613933 0.000352698 0.999943614 15.739970207
0.999841750 -0.013165620 -0.011968405 -0.122499034 0.013147496 0.999912322 -0.001591778 0.029715419 0.011988313 0.001434171 0.999927044 16.639429092
0.999833941 -0.012294827 -0.013449530 -0.141762152 0.012274781 0.999923348 -0.001572103 0.029716499 0.013467832 0.001406751 0.999908328 17.522916794
0.999802828 -0.012840900 -0.015142125 -0.156970933 0.012827595 0.999917209 -0.000975626 0.032041751 0.015153402 0.000781197 0.999884903 18.415941238
0.999780297 -0.012522759 -0.016803788 -0.174550831 0.012535814 0.999921143 0.000671788 0.028322123 0.016794052 -0.000882290 0.999858558 19.308221817
0.999762714 -0.012118452 -0.018099716 -0.197135448 0.012145617 0.999925315 0.001391557 0.027667169 0.018081503 -0.001611059 0.999835253 20.185926437
0.999718964 -0.013384265 -0.019565687 -0.218384266 0.013420826 0.999908388 0.001738469 0.022739170 0.019540627 -0.002000568 0.999807060 21.080524445
0.999700427 -0.012813532 -0.020853860 -0.238192007 0.012827868 0.999917567 0.000553815 0.029240765 0.020845043 -0.000821159 0.999782324 21.917695999
0.999663889 -0.012913997 -0.022479912 -0.258253425 0.012942775 0.999915600 0.001135197 0.028565539 0.022463355 -0.001425768 0.999746680 22.782255173
0.999649584 -0.012556693 -0.023300780 -0.284625769 0.012631914 0.999915481 0.003083860 0.030807232 0.023260089 -0.003377113 0.999723732 23.639976501
0.999611437 -0.013779767 -0.024226381 -0.301406831 0.013929170 0.999885023 0.006009055 0.031522434 0.024140786 -0.006344175 0.999688447 24.488388062
0.999584615 -0.014030856 -0.025173571 -0.320728421 0.014223531 0.999870718 0.007491145 0.035519700 0.025065213 -0.007846090 0.999655008 25.327978134
0.999586046 -0.013274645 -0.025522750 -0.353905559 0.013442250 0.999889076 0.006406472 0.037693910 0.025434876 -0.006746902 0.999653757 26.154273987
0.999595284 -0.011300181 -0.026106032 -0.380686730 0.011408963 0.999926805 0.004021724 0.036030486 0.026058676 -0.004317938 0.999651074 26.965206146
0.999584794 -0.010678719 -0.026761128 -0.407154500 0.010742633 0.999939740 0.002245644 0.041427720 0.026735537 -0.002532197 0.999639332 27.767267227
0.999575913 -0.009635747 -0.027477570 -0.438351840 0.009689926 0.999951303 0.001839237 0.044992700 0.027458511 -0.002104712 0.999620676 28.558729172
0.999530852 -0.009961328 -0.028960412 -0.461737454 0.010005421 0.999948978 0.001377986 0.041904896 0.028945206 -0.001667100 0.999579608 29.347471237
0.999465346 -0.009622603 -0.031245772 -0.487572342 0.009642222 0.999953270 0.000477286 0.043052118 0.031239722 -0.000778310 0.999511600 30.123289108
0.999412537 -0.009465195 -0.032939937 -0.520053804 0.009486181 0.999954939 0.000480870 0.042891335 0.032933906 -0.000793062 0.999457181 30.888534546
0.999334693 -0.009961843 -0.035084799 -0.539260983 0.010022600 0.999948561 0.001556230 0.044877261 0.035067491 -0.001906836 0.999383152 31.659669876
0.999254167 -0.010188928 -0.037246104 -0.569330931 0.010335698 0.999939620 0.003750149 0.048303962 0.037205640 -0.004132316 0.999299169 32.410888672
0.999192357 -0.009228123 -0.039108224 -0.605588317 0.009447603 0.999940634 0.005430943 0.048189763 0.039055780 -0.005796035 0.999220252 33.157978058
0.999129534 -0.008079277 -0.040925045 -0.636963069 0.008312050 0.999950230 0.005520834 0.048762426 0.040878400 -0.005856200 0.999146879 33.885272980
0.999072909 -0.005752643 -0.042663287 -0.678402841 0.005966322 0.999970257 0.004882865 0.048092809 0.042633940 -0.005132881 0.999077559 34.590866089
0.998992741 -0.003525348 -0.044733968 -0.709067285 0.003711025 0.999984801 0.004068316 0.055457011 0.044718951 -0.004230227 0.998990595 35.312248230
0.998912811 -0.003606522 -0.046477605 -0.740133703 0.003852131 0.999979019 0.005195987 0.055360436 0.046457883 -0.005369376 0.998905838 36.017776489
0.998887181 -0.001905145 -0.047125306 -0.789440393 0.002252759 0.999970675 0.007324386 0.055753179 0.047109969 -0.007422397 0.998862207 36.705467224
0.998882174 0.000884518 -0.047260508 -0.825923800 -0.000522365 0.999970436 0.007674699 0.061059974 0.047265902 -0.007641432 0.998853087 37.383369446
0.998915493 0.003492728 -0.046429459 -0.852969408 -0.003245660 0.999980152 0.005395667 0.066341147 0.046447381 -0.005239121 0.998906970 38.058788300
0.998991370 0.005218565 -0.044598259 -0.890491843 -0.005116382 0.999983907 0.002405040 0.067256063 0.044610098 -0.002174432 0.999002099 38.699390411
0.999071956 0.005518443 -0.042719059 -0.916398287 -0.005506497 0.999984682 0.000397295 0.075299360 0.042720601 -0.000161693 0.999087036 39.352024078
0.999187827 0.006502248 -0.039767873 -0.942210674 -0.006456141 0.999978244 0.001287710 0.074906342 0.039775390 -0.001029917 0.999208033 39.998641968
0.999259353 0.011360230 -0.036764801 -0.971680522 -0.011225763 0.999929488 0.003861883 0.077083074 0.036806084 -0.003446310 0.999316514 40.651927948
0.999342263 0.015552992 -0.032757390 -1.000678778 -0.015321336 0.999855936 0.007311070 0.078406870 0.032866374 -0.006804374 0.999436617 41.274986267
0.999381840 0.020875612 -0.028284116 -1.029897928 -0.020648243 0.999752283 0.008307201 0.081716798 0.028450524 -0.007718049 0.999565423 41.876144409
0.999438882 0.024284430 -0.023064818 -1.049433947 -0.024088252 0.999671519 0.008745689 0.085739590 0.023269624 -0.008185191 0.999695718 42.466243744
0.999457300 0.028195178 -0.017033927 -1.066008925 -0.028020365 0.999553084 0.010415602 0.093206450 0.017319983 -0.009932652 0.999800682 43.038509369
0.999385059 0.033378441 -0.010740316 -1.074586630 -0.033250596 0.999376535 0.011869294 0.087656580 0.011129799 -0.011504875 0.999871790 43.599842072
0.999315143 0.036813423 -0.003733646 -1.080333710 -0.036767986 0.999256670 0.011582920 0.091095820 0.004157279 -0.011437709 0.999925911 44.132514954
0.999180079 0.040304009 0.003834899 -1.087216854 -0.040346071 0.999118268 0.011609897 0.092156388 -0.003363590 -0.011755101 0.999925196 44.637470245
0.998967767 0.044094834 0.010908539 -1.078530073 -0.044215620 0.998960495 0.011091592 0.096396327 -0.010408119 -0.011562472 0.999878943 45.137126923
0.998672545 0.048016746 0.018640868 -1.073636055 -0.048173286 0.998806536 0.008041588 0.104499012 -0.018232491 -0.008928905 0.999793887 45.606323242
0.998355389 0.050772421 0.026620314 -1.065324187 -0.050937332 0.998686373 0.005552922 0.098456204 -0.026303414 -0.006899758 0.999630213 46.063198090
0.998094440 0.051140144 0.034527760 -1.049667358 -0.051343109 0.998668551 0.005016963 0.104389966 -0.034225218 -0.006780166 0.999391198 46.492240906
0.997843683 0.050061416 0.042448759 -1.024442315 -0.050377980 0.998709619 0.006420319 0.104216352 -0.042072572 -0.008544956 0.999078035 46.888408661
0.997359157 0.052306194 0.050387003 -1.002752900 -0.052744649 0.998580575 0.007410904 0.104561731 -0.049927846 -0.010048978 0.998702288 47.276782990
0.996708691 0.055355266 0.059224688 -0.989413917 -0.055907458 0.998406172 0.007706300 0.101560615 -0.058703713 -0.010992035 0.998214960 47.640819550
0.995886266 0.060285687 0.067646749 -0.960656464 -0.060884938 0.998121440 0.006830150 0.106957301 -0.067107916 -0.010920722 0.997685969 47.967414856
0.994985878 0.064108223 0.076767594 -0.940638781 -0.064848192 0.997869313 0.007183047 0.100618124 -0.076143540 -0.012125272 0.997023106 48.268180847
0.994257808 0.063343883 0.086249776 -0.912673116 -0.064258605 0.997902274 0.007868084 0.098995276 -0.085570447 -0.013365193 0.996242523 48.549705505
0.993366122 0.062145542 0.096755780 -0.872017086 -0.063012339 0.997995198 0.005926098 0.100293323 -0.096193515 -0.011983592 0.995290518 48.828693390
0.992247224 0.060663898 0.108468153 -0.836938024 -0.061194263 0.998124659 0.001564578 0.095642008 -0.108169816 -0.008190076 0.994098663 49.088745117
0.990638137 0.061732072 0.121758752 -0.795355916 -0.061875898 0.998080373 -0.002603135 0.097473033 -0.121685721 -0.004955167 0.992556274 49.354747772
0.988498390 0.063324004 0.137335464 -0.757796466 -0.063273519 0.997984946 -0.004737610 0.094778873 -0.137358725 -0.004006577 0.990513265 49.617664337
0.986002803 0.065200478 0.153451338 -0.707417607 -0.065036036 0.997864306 -0.006096492 0.091877110 -0.153521121 -0.003968711 0.988137364 49.869335175
0.983204246 0.065659471 0.170288846 -0.650954485 -0.065367021 0.997834384 -0.007329566 0.091897883 -0.170401335 -0.003924815 0.985367000 50.127925873
0.979946375 0.064529002 0.188523620 -0.593458235 -0.064026713 0.997909784 -0.008759500 0.094310269 -0.188694790 -0.003486705 0.982029617 50.385105133
0.976069570 0.063878037 0.207865074 -0.525121987 -0.063406229 0.997947812 -0.008938763 0.089473225 -0.208009496 -0.004455087 0.978116691 50.627651215
0.971583724 0.063953392 0.227892473 -0.449769348 -0.063348554 0.997941673 -0.009975447 0.083370939 -0.228061348 -0.004744674 0.973635197 50.860656738
0.966293454 0.066195503 0.248787418 -0.371565700 -0.065144919 0.997798026 -0.012462952 0.083909258 -0.249064580 -0.004164369 0.968477905 51.097530365
0.959994972 0.067787252 0.271688253 -0.292640775 -0.066351876 0.997691274 -0.014477196 0.078098625 -0.272042334 -0.004128988 0.962276459 51.337184906
0.952745497 0.068713047 0.295896202 -0.197837189 -0.067132048 0.997623503 -0.015512178 0.068587661 -0.296258897 -0.005084959 0.955094099 51.578487396
0.944315135 0.071224853 0.321241379 -0.095349088 -0.069643207 0.997436643 -0.016427351 0.062635943 -0.321587980 -0.006859684 0.946854889 51.811679840
0.934362292 0.073532231 0.348654836 0.009796805 -0.071956068 0.997254550 -0.017488068 0.053460751 -0.348983556 -0.008747645 0.937088072 52.051937103
0.923192084 0.074149601 0.377118349 0.131154925 -0.072341278 0.997199357 -0.018978214 0.047410794 -0.377469420 -0.009760685 0.925970614 52.290889740
0.910609663 0.072126485 0.406924933 0.273135841 -0.069565736 0.997354090 -0.021105628 0.038243085 -0.407370538 -0.009089051 0.913217783 52.525382996
0.895649135 0.069692962 0.439267009 0.422744721 -0.065878697 0.997540295 -0.023942914 0.032133479 -0.439855218 -0.007493891 0.898037434 52.761508942
0.878287494 0.068992570 0.473129123 0.572804570 -0.063281171 0.997602880 -0.028001077 0.020522702 -0.473926812 -0.005347169 0.880548000 52.978424072
0.858828306 0.070833020 0.507342696 0.738202870 -0.062578447 0.997483313 -0.033331737 0.016241796 -0.508426964 -0.003122479 0.861099482 53.198219299
0.837044835 0.072610773 0.542294800 0.922078490 -0.061976690 0.997358561 -0.037879240 0.006008558 -0.543612778 -0.001903014 0.839334011 53.423580170
0.812390208 0.075526528 0.578202426 1.120562077 -0.063035510 0.997140408 -0.041682880 -0.000310731 -0.579697132 -0.002584524 0.814827919 53.653434753
0.784906566 0.079638645 0.614474893 1.331675291 -0.066163741 0.996808112 -0.044675708 -0.012980944 -0.616071463 -0.005589698 0.787670493 53.884342194
0.754904687 0.084108010 0.650418937 1.557891846 -0.069933750 0.996411443 -0.047681388 -0.026886543 -0.652095258 -0.009491331 0.758077621 54.116436005
0.721858680 0.084965661 0.686804891 1.816319585 -0.069338046 0.996320307 -0.050379287 -0.044398490 -0.688558161 -0.011254977 0.725093782 54.349868774
0.685201526 0.082466900 0.723670006 2.098147869 -0.065794840 0.996515632 -0.051262081 -0.067409992 -0.725375772 -0.012488891 0.688239813 54.573184967
0.646148145 0.081139423 0.758886695 2.392912388 -0.063008152 0.996609509 -0.052908737 -0.085669726 -0.760606706 -0.013629165 0.649069846 54.775863647
0.603522599 0.080451749 0.793276727 2.727995872 -0.060894329 0.996641636 -0.054748181 -0.107661277 -0.795017183 -0.015264286 0.606394768 54.996311188
0.557387292 0.080447160 0.826345980 3.086101055 -0.057506692 0.996645093 -0.058236837 -0.126835376 -0.828258693 -0.015059942 0.560143471 55.204216003
0.508541763 0.079042077 0.857401669 3.451475382 -0.054220248 0.996740997 -0.059728391 -0.153824940 -0.859328449 -0.016114144 0.511170089 55.396781921
0.460485607 0.077306956 0.884294331 3.889373064 -0.052051939 0.996837795 -0.060040336 -0.172333732 -0.886139691 -0.018381517 0.463053524 55.581798553
0.410894781 0.074859619 0.908604145 4.324430466 -0.051344067 0.996941566 -0.058918577 -0.196616262 -0.910235882 -0.022442097 0.413481653 55.749832153
0.360509098 0.074600898 0.929767609 4.781918049 -0.054263800 0.996785700 -0.058937863 -0.217281833 -0.931175947 -0.029205089 0.363398433 55.911781311
0.310983509 0.075403750 0.947419524 5.237730503 -0.052865800 0.996676862 -0.061971266 -0.238025457 -0.948943794 -0.030814037 0.313936412 56.037639618
0.264238626 0.071892716 0.961774111 5.718968868 -0.041499801 0.997141778 -0.063134775 -0.270346940 -0.963564098 -0.023230784 0.266466886 56.120735168
0.220223010 0.066324264 0.973192155 6.236222744 -0.028017029 0.997704208 -0.061654840 -0.293162256 -0.975047171 -0.013688133 0.221575618 56.195091248
0.177560344 0.065165579 0.981950104 6.735555172 -0.019431669 0.997842968 -0.062706552 -0.326034427 -0.983918011 -0.007946732 0.178443626 56.256225586
0.138918787 0.066553548 0.988064826 7.263946056 -0.015907856 0.997760415 -0.064970024 -0.349930912 -0.990175962 -0.006692438 0.139666393 56.309944153
0.106254712 0.067429118 0.992049932 7.818696976 -0.007606506 0.997723937 -0.067000069 -0.384477377 -0.994309843 -0.000426963 0.106525771 56.345420837
0.077614419 0.065638438 0.994820356 8.358202934 -0.000133584 0.997831166 -0.065826647 -0.421293557 -0.996983469 0.004976206 0.077454850 56.355350494
0.052615549 0.063821793 0.996573269 8.933566093 0.006642996 0.997911215 -0.064258195 -0.456753641 -0.998592794 0.010001213 0.052081674 56.368942261
0.032628465 0.063033983 0.997477829 9.503859520 0.011539493 0.997918963 -0.063439324 -0.479130566 -0.999400914 0.013580318 0.031833176 56.369190216
0.016772643 0.065036416 0.997741878 10.092793465 0.014392695 0.997763216 -0.065279752 -0.507987559 -0.999755740 0.015455110 0.015799079 56.369045258
0.003375857 0.064983778 0.997880697 10.688974380 0.015054666 0.997769892 -0.065027513 -0.538782775 -0.999880970 0.015242282 0.002390023 56.362571716
-0.008205324 0.065668926 0.997807741 11.300086021 0.015812719 0.997725070 -0.065533452 -0.578256130 -0.999841332 0.015240329 -0.009225060 56.354484558
-0.017305873 0.068401285 0.997507751 11.925124168 0.020508705 0.997471511 -0.068043016 -0.616648257 -0.999639869 0.019280050 -0.018664939 56.334552765
-0.023931824 0.070238948 0.997243106 12.549238205 0.024626687 0.997267425 -0.069649681 -0.651655674 -0.999410212 0.022891946 -0.025596185 56.308368683
-0.028350847 0.069551520 0.997175455 13.197700500 0.025155837 0.997310102 -0.068845697 -0.688619435 -0.999281406 0.023132948 -0.030024216 56.289512634
-0.032114141 0.067045204 0.997232974 13.863955498 0.022857299 0.997535944 -0.066329479 -0.719041169 -0.999222815 0.020663939 -0.033567481 56.272304535
-0.034749772 0.060090315 0.997587860 14.542605400 0.020505019 0.998023570 -0.059402287 -0.756885290 -0.999185681 0.018391348 -0.035913244 56.257823944
-0.035762876 0.054481044 0.997874200 15.221074104 0.022251600 0.998308778 -0.053707305 -0.790673852 -0.999112546 0.020283571 -0.036914684 56.228595734
-0.036511246 0.051977407 0.997980595 15.927938461 0.024428673 0.998394430 -0.051105235 -0.827112615 -0.999034584 0.022513425 -0.037722360 56.201171875
-0.036337070 0.054166343 0.997870505 16.623386383 0.027941557 0.998194575 -0.053166457 -0.866039932 -0.998948932 0.025950141 -0.037784953 56.174251556
-0.035323840 0.061849892 0.997460246 17.327524185 0.028721465 0.997733653 -0.060849715 -0.892569005 -0.998963118 0.026499072 -0.037020203 56.148017883
-0.033414911 0.069832392 0.996998966 18.030984879 0.029733513 0.997183919 -0.068848811 -0.929289818 -0.998999238 0.027343702 -0.035397176 56.132606506
-0.030952642 0.070522197 0.997029781 18.770217896 0.030470207 0.997110724 -0.069581971 -0.967072785 -0.999056280 0.028225960 -0.033012040 56.096500397
-0.028726866 0.066303365 0.997385800 19.500564575 0.029874226 0.997408926 -0.065444447 -1.006562591 -0.999140739 0.027916124 -0.030633194 56.079730988
-0.026186259 0.059823599 0.997865379 20.247245789 0.029338362 0.997823656 -0.059051197 -1.052009106 -0.999226451 0.027729409 -0.027884398 56.062492371
-0.023185413 0.057903349 0.998052895 20.985679626 0.027751254 0.997973800 -0.057254076 -1.098421812 -0.999345899 0.026369762 -0.024745326 56.048305511
-0.020182619 0.063406438 0.997783780 21.730649948 0.034781158 0.997427523 -0.062680267 -1.141614079 -0.999191105 0.033439029 -0.022336049 56.028560638
-0.017086070 0.068689696 0.997491717 22.463996887 0.036632352 0.997010648 -0.068029083 -1.185072899 -0.999182761 0.035378113 -0.019551259 56.016838074
-0.014552061 0.069595858 0.997469068 23.204133987 0.030334415 0.997146249 -0.069130786 -1.224083424 -0.999433935 0.029251643 -0.016621683 56.020538330
-0.011313984 0.065886348 0.997762978 23.960653305 0.026202388 0.997503757 -0.065572120 -1.267640114 -0.999592721 0.025401888 -0.013012120 56.024486542
-0.006434878 0.062279169 0.998038054 24.704223633 0.030076819 0.997619331 -0.062059112 -1.319276214 -0.999526799 0.029618468 -0.008292718 56.007373810
-0.002754782 0.063394181 0.997984767 25.447423935 0.034519240 0.997399747 -0.063261747 -1.365455866 -0.999400198 0.034275398 -0.004935938 55.997959137
-0.000215560 0.067815095 0.997697890 26.179687500 0.034120109 0.997117460 -0.067768276 -1.411103487 -0.999417782 0.034026951 -0.002528797 56.005828857
0.003577321 0.068880469 0.997618437 26.936803818 0.030407522 0.997156084 -0.068957575 -1.452061057 -0.999531209 0.030581789 0.001472663 56.012912750
0.007520215 0.068319120 0.997635186 27.686664581 0.029803567 0.997204840 -0.068514310 -1.498763442 -0.999527574 0.030248327 0.005463042 56.021331787
0.010984874 0.065262049 0.997807741 28.430702209 0.033822175 0.997272730 -0.065599404 -1.544391513 -0.999367535 0.034468628 0.008747611 56.028469086
0.014918884 0.065599635 0.997734547 29.173736572 0.038101286 0.997083485 -0.066126548 -1.595899463 -0.999162555 0.039001498 0.012375944 56.025661469
0.018191872 0.066333130 0.997631669 29.941192627 0.041354638 0.996892989 -0.067038134 -1.649074316 -0.998978913 0.042476237 0.015392168 56.040428162
0.020919679 0.066183135 0.997588098 30.691671371 0.042016961 0.996866703 -0.067016385 -1.695683241 -0.998897851 0.043317582 0.018073319 56.057979584
0.024014248 0.064506963 0.997628272 31.439872742 0.043231554 0.996915519 -0.065501519 -1.745237589 -0.998776495 0.044701993 0.021151442 56.085605621
0.027874902 0.063837670 0.997570932 32.180667877 0.045239907 0.996855557 -0.065056026 -1.787431359 -0.998587132 0.046943445 0.024899239 56.100978851
0.030489260 0.063597761 0.997509778 32.936756134 0.043612745 0.996938646 -0.064894393 -1.844189644 -0.998583138 0.045482729 0.027622249 56.129779816
0.033582360 0.065464646 0.997289658 33.688625336 0.040451959 0.996945858 -0.066804238 -1.885156989 -0.998616993 0.042585768 0.030831615 56.162197113
0.036538973 0.065544628 0.997180402 34.442710876 0.042505592 0.996841788 -0.067079872 -1.930197358 -0.998427868 0.044836778 0.033637557 56.186618805
0.038835444 0.065042116 0.997126520 35.198192596 0.040378053 0.996962130 -0.066604018 -1.981030107 -0.998429418 0.042848632 0.036091190 56.230575562
0.040854916 0.065541685 0.997013152 35.950519562 0.038348310 0.997008264 -0.067112766 -2.023256063 -0.998428881 0.040975656 0.038219269 56.271541595
0.043826129 0.065393455 0.996896684 36.725624084 0.035663173 0.997117043 -0.066975757 -2.076067924 -0.998402417 0.038487785 0.041367639 56.310878754
0.047499269 0.067342401 0.996598721 37.492355347 0.034319192 0.997025669 -0.069006957 -2.122949839 -0.998281479 0.037480239 0.045046855 56.346557617
0.050462935 0.070812814 0.996212363 38.250881195 0.032919701 0.996823251 -0.072523795 -2.173530579 -0.998183191 0.036454763 0.047971491 56.396400452
0.053612579 0.072540790 0.995923400 39.018020630 0.033621252 0.996661186 -0.074404441 -2.229870796 -0.997995615 0.037473209 0.050994664 56.442523956
0.056398116 0.074618414 0.995616078 39.801090240 0.027302470 0.996715009 -0.076247379 -2.283985853 -0.998035014 0.031482980 0.054175589 56.503360748
0.058952540 0.074323259 0.995490134 40.590435028 0.023456683 0.996846080 -0.075813584 -2.329886436 -0.997985184 0.027820300 0.057023231 56.562419891
0.063015431 0.074779622 0.995207012 41.365100861 0.025966760 0.996728480 -0.076538123 -2.385197163 -0.997674763 0.030665386 0.060867485 56.612701416
0.067289285 0.076036982 0.994831920 42.138645172 0.024889912 0.996653557 -0.077859744 -2.439986467 -0.997423053 0.030000404 0.065171555 56.657039642
0.070639610 0.076849110 0.994537234 42.920726776 0.020971816 0.996693075 -0.078505270 -2.494335175 -0.997281432 0.026402833 0.068794355 56.734428406
0.074246585 0.074877448 0.994424820 43.719642639 0.020297566 0.996857107 -0.076576069 -2.548474550 -0.997033298 0.025869913 0.072493404 56.806434631
0.079164095 0.074831091 0.994048953 44.519035339 0.020296877 0.996850789 -0.076658428 -2.612644196 -0.996654868 0.026244683 0.077395946 56.865077972
0.084662266 0.078292727 0.993328989 45.313854218 0.017143298 0.996646166 -0.080015324 -2.670642138 -0.996262193 0.023803214 0.083036140 56.937088013
0.090272561 0.087049186 0.992105424 46.112781525 0.015026636 0.995940328 -0.088752940 -2.730881214 -0.995803714 0.022919964 0.088598020 57.028186798
0.097720191 0.091864146 0.990965009 46.890766144 0.014032530 0.995504498 -0.093668722 -2.790247202 -0.995114982 0.023059072 0.095991798 57.109355927
0.104504369 0.094713971 0.990004122 47.668960571 0.008718368 0.995329261 -0.096143737 -2.861489773 -0.994486213 0.018678658 0.103190504 57.207687378
0.112103879 0.092934720 0.989341140 48.483436584 0.005913675 0.995537102 -0.094186813 -2.928904533 -0.993678868 0.016409349 0.111053973 57.297786713
0.119395055 0.091687962 0.988604188 49.291324615 0.005780423 0.995645702 -0.093039133 -2.992748737 -0.992829978 0.016822960 0.118345171 57.406875610
0.127379358 0.088100888 0.987933576 50.119430542 0.005411881 0.995970726 -0.089515395 -3.062482595 -0.991839290 0.016748996 0.126389310 57.510616302
0.134974480 0.081712216 0.987474024 50.934566498 0.003453718 0.996548951 -0.082935221 -3.142576933 -0.990843058 0.014604598 0.134226486 57.630794525
0.142095730 0.075409636 0.986976266 51.740528107 0.000542801 0.997087836 -0.076260343 -3.189876318 -0.989852726 0.011372002 0.141640976 57.756824493
0.149449408 0.072499856 0.986107826 52.531013489 0.000855353 0.997298360 -0.073452227 -3.254378319 -0.988768995 0.011820862 0.148983628 57.880523682
0.156354100 0.073970661 0.984927297 53.346275330 0.000369100 0.997187197 -0.074950010 -3.325663328 -0.987700939 0.012082280 0.155887023 58.018646240
0.162359565 0.080949157 0.983405650 54.136108398 0.000710368 0.996619344 -0.082154125 -3.380472183 -0.986731350 0.014037088 0.161753178 58.150627136
0.167233631 0.084370337 0.982300699 54.917064667 -0.000924367 0.996344686 -0.085419215 -3.441176176 -0.985916853 0.013376961 0.166700333 58.294403076
0.172059432 0.086871035 0.981248736 55.700241089 -0.001732563 0.996129155 -0.087884620 -3.508863926 -0.985085070 0.013421302 0.171543926 58.448238373
0.177431792 0.086487643 0.980325401 56.467571259 -0.004448169 0.996191144 -0.087082297 -3.574273109 -0.984122992 0.011090515 0.177140698 58.592124939
0.182676196 0.083759934 0.979598761 57.217868805 -0.000442553 0.996371329 -0.085111551 -3.639229059 -0.983172953 0.015114326 0.182050377 58.723239899
0.187309429 0.077185422 0.979263842 57.979141235 0.000898918 0.996894181 -0.078746997 -3.692268610 -0.982300520 0.015630333 0.186658293 58.869976044
0.190858439 0.071231611 0.979029715 58.729507446 -0.001102657 0.997378588 -0.072351687 -3.749638796 -0.981616974 0.012729394 0.190436661 59.016887665
0.193811670 0.068021908 0.978677690 59.465328217 -0.004712135 0.997646451 -0.068407141 -3.805598021 -0.981027424 0.008646443 0.193676025 59.178699493
0.197218835 0.067961767 0.978000998 60.194908142 -0.006338177 0.997661829 -0.068049885 -3.857617140 -0.980338991 0.007221974 0.197188437 59.326103210
0.198962867 0.069729351 0.977523208 60.911495209 -0.008222657 0.997549176 -0.069484234 -3.909898996 -0.979972541 0.005786944 0.199048594 59.484806061
0.200572357 0.074186407 0.976866007 61.612503052 -0.012509080 0.997241437 -0.073165372 -3.960561752 -0.979599059 0.002455259 0.200947061 59.637176514
0.202440858 0.078169532 0.976169765 62.300762177 -0.013564811 0.996937394 -0.077019446 -4.013737679 -0.979200602 0.002350325 0.202881202 59.791805267
0.204116926 0.083305851 0.975395560 62.982212067 -0.013751674 0.996518373 -0.082232133 -4.067454338 -0.978850007 0.003371647 0.204551831 59.947715759
0.205820963 0.085239202 0.974870265 63.660305023 -0.013181555 0.996350348 -0.084334373 -4.122834682 -0.978500843 0.004507473 0.206193358 60.093509674
0.207009822 0.085463800 0.974598825 64.319793701 -0.015629496 0.996338904 -0.084050432 -4.173063278 -0.978214085 0.002166774 0.207587704 60.242687225
0.208282322 0.082124479 0.974614739 64.997688293 -0.015640080 0.996620834 -0.080636404 -4.234976292 -0.977943659 0.001552083 0.208862960 60.382049561
0.209148824 0.079748571 0.974626541 65.653221130 -0.015658768 0.996814430 -0.078203820 -4.286531925 -0.977758408 0.001094786 0.209731311 60.522064209
0.209148839 0.078694649 0.974712193 66.304336548 -0.014552076 0.996896744 -0.077363245 -4.335163116 -0.977775455 0.001996346 0.209644973 60.665111542
0.207686007 0.077864908 0.975091517 66.937309265 -0.014708325 0.996962786 -0.076478668 -4.383830547 -0.978084922 0.001541586 0.208200455 60.801856995
0.206033468 0.078670532 0.975377440 67.558685303 -0.016109232 0.996900737 -0.077003695 -4.437685966 -0.978412330 0.000152756 0.206662238 60.934574127
0.203468159 0.081415348 0.975690782 68.168220520 -0.016873317 0.996680200 -0.079648085 -4.488856316 -0.978936076 -0.000257289 0.204166427 61.072776794
0.201149568 0.085058019 0.975860596 68.766899109 -0.014837938 0.996373117 -0.083787464 -4.539244175 -0.979448140 0.002374051 0.201682150 61.196704865
0.199426621 0.086071424 0.976125419 69.370719910 -0.012988159 0.996279538 -0.085195042 -4.584878922 -0.979826689 0.004312084 0.199802592 61.322208405
0.197581589 0.085267693 0.976570964 69.955314636 -0.013328630 0.996351361 -0.084298111 -4.624025345 -0.980195820 0.003639403 0.197997227 61.435863495
0.195112690 0.082259275 0.977325261 70.542373657 -0.013900985 0.996608436 -0.081107125 -4.675458908 -0.980682313 0.002239247 0.195594445 61.555519104
0.193036929 0.078315578 0.978061020 71.121398926 -0.013197056 0.996926546 -0.077221520 -4.723998547 -0.981102705 0.001999080 0.193477184 61.672939301
0.191426665 0.077363826 0.978453159 71.676223755 -0.009725236 0.996989310 -0.076926768 -4.771957874 -0.981458664 0.005210147 0.191602752 61.770606995
0.189500511 0.078673489 0.978723586 72.235160828 -0.006074205 0.996859550 -0.078955233 -4.818762302 -0.981861830 0.009017091 0.189383313 61.883438110
0.186863482 0.081078686 0.979034364 72.774513245 -0.002411306 0.996623218 -0.082075089 -4.854143143 -0.982382953 0.012976082 0.186427966 61.979873657
0.185369402 0.083064653 0.979151905 73.322837830 -0.002840980 0.996462166 -0.083995283 -4.894666195 -0.982664824 0.012788406 0.184949577 62.082534790
0.183818862 0.085603550 0.979225576 73.866386414 -0.003197697 0.996247411 -0.086491346 -4.937351704 -0.982954919 0.012767470 0.183402807 62.192794800
0.183022782 0.083843499 0.979526997 74.417335510 -0.001290579 0.996376276 -0.085044600 -4.986800194 -0.983107805 0.014300941 0.182467788 62.286205292
0.183839470 0.082362592 0.979499638 74.964370728 0.004730086 0.996397674 -0.084671266 -5.028309822 -0.982944906 0.020199038 0.182787657 62.380268097
0.185743764 0.080289759 0.979312420 75.504394531 0.009777286 0.996455669 -0.083549686 -5.069426060 -0.982549608 0.025093850 0.184300408 62.480022430
0.188244268 0.079469115 0.978901803 76.064926147 0.012813185 0.996437371 -0.083356671 -5.111222267 -0.982038617 0.028234269 0.186555400 62.568973541
0.191926479 0.079450570 0.978188038 76.624206543 0.009968994 0.996508420 -0.082894579 -5.154936790 -0.981358647 0.025661215 0.190464333 62.678775787
0.197388753 0.080075860 0.977049291 77.184539795 0.009072782 0.996466398 -0.083500154 -5.198854923 -0.980283320 0.025346546 0.195964754 62.800071716
0.204119861 0.079163425 0.975739777 77.748245239 0.010267074 0.996496975 -0.082995318 -5.235794544 -0.978892088 0.026958985 0.202592075 62.915748596
0.211111516 0.079406150 0.974231243 78.304473877 0.008256516 0.996514320 -0.083011515 -5.279303551 -0.977427065 0.025568444 0.209720060 63.056724548
0.219413713 0.076936319 0.972593606 78.886909485 0.008889413 0.996686876 -0.080847614 -5.326927185 -0.975591362 0.026384866 0.218002871 63.202270508
0.228358269 0.076814093 0.970542192 79.466613770 0.005185552 0.996772468 -0.080110215 -5.370809078 -0.973563373 0.023326624 0.227222934 63.348072052
0.237995833 0.076186575 0.968273520 80.035446167 0.004208387 0.996828496 -0.079467773 -5.415204525 -0.971257031 0.022987867 0.236920416 63.491409302
0.247330740 0.080294155 0.965598404 80.617797852 -0.001221734 0.996585548 -0.082557946 -5.455985546 -0.968930304 0.019239413 0.246584296 63.660701752
0.256568789 0.082482323 0.963000059 81.214813232 -0.004649078 0.996445775 -0.084108345 -5.498949528 -0.966514766 0.017102517 0.256040335 63.839111328
0.267998666 0.085078895 0.959655344 81.817749023 -0.008554753 0.996263981 -0.085935429 -5.545835018 -0.963381290 0.014820967 0.267725259 64.009170532
0.278142124 0.086938158 0.956597507 82.430892944 -0.010052041 0.996104538 -0.087605923 -5.596817493 -0.960487306 0.014751139 0.277932495 64.202194214
0.287878782 0.087718643 0.953641057 83.051231384 -0.013006301 0.996062636 -0.087694444 -5.640594482 -0.957578480 0.012842030 0.287886232 64.396301270
0.298131883 0.088119127 0.950448513 83.679725647 -0.013629084 0.996021092 -0.088069208 -5.688601971 -0.954427361 0.013302493 0.298146605 64.604606628
0.308152825 0.089314900 0.947135031 84.323722839 -0.018066512 0.995953023 -0.088040471 -5.735592842 -0.951165259 0.010018495 0.308519334 64.831512451
0.318168998 0.084222801 0.944285452 84.969505310 -0.016778585 0.996390283 -0.083216734 -5.780915737 -0.947885513 0.010633211 0.318433583 65.064338684
0.329383731 0.077543885 0.941006541 85.639839172 -0.014088548 0.996914566 -0.077219538 -5.831017017 -0.944091022 0.012177443 0.329459935 65.297615051
0.340240359 0.073111303 0.937492013 86.305747986 -0.012525268 0.997236848 -0.073224820 -5.882220268 -0.940255046 0.013171701 0.340215951 65.545333862
0.350586325 0.069810875 0.933924913 86.988159180 -0.013427767 0.997490108 -0.069521718 -5.931102753 -0.936434150 0.011832835 0.350643754 65.810951233
0.360053450 0.067479685 0.930487990 87.663398743 -0.007008328 0.997548223 -0.069631055 -5.969409466 -0.932905257 0.018549735 0.359643608 66.072769165
0.368798912 0.061820686 0.927451074 88.367393494 -0.000021589 0.997786462 -0.066500403 -6.009209633 -0.929509163 0.024505258 0.367983878 66.348014832
0.375747681 0.052609980 0.925227463 89.085426331 0.009395632 0.998119652 -0.060570445 -6.050354958 -0.926674366 0.031452298 0.374546796 66.631843567
0.382643908 0.048372995 0.922628641 89.801696777 0.014513578 0.998190463 -0.058353916 -6.092466831 -0.923781812 0.035719413 0.381249428 66.923934937
0.390005320 0.048317142 0.919544101 90.519905090 0.016375897 0.998100519 -0.059390347 -6.140666008 -0.920666933 0.038220916 0.388473243 67.231315613
0.397584379 0.054700527 0.915933669 91.233886719 0.019070130 0.997513175 -0.067850411 -6.175981522 -0.917367399 0.044443242 0.395552546 67.540267944
0.404496282 0.059256580 0.912617922 91.945404053 0.022333452 0.996960998 -0.074631773 -6.221882343 -0.914266944 0.050570186 0.401943624 67.858512878
0.409908831 0.061206564 0.910070598 92.648666382 0.020464687 0.996877670 -0.076262347 -6.273848057 -0.911896884 0.049884912 0.407376379 68.170677185
0.414258063 0.062682770 0.907998443 93.351814270 0.013518711 0.997091830 -0.075000912 -6.330723286 -0.910059035 0.043344699 0.412205905 68.511390686
0.418037683 0.066016622 0.906027794 94.024024963 0.006739779 0.997103095 -0.075762421 -6.389646053 -0.908404708 0.037777971 0.416381747 68.840621948
0.421945959 0.069237128 0.903973341 94.709899902 0.005886466 0.996849418 -0.079098307 -6.448148251 -0.906601787 0.038696419 0.420209050 69.171302795
0.426327705 0.073384024 0.901587188 95.392127991 0.002675967 0.996597171 -0.082382657 -6.507825375 -0.904564857 0.037534628 0.424680561 69.489051819
0.429659516 0.076303519 0.899761319 96.047119141 -0.000259357 0.996433735 -0.084377892 -6.565319061 -0.902990937 0.036020402 0.428147078 69.812202454
0.433689058 0.075371020 0.897904754 96.724761963 -0.001977897 0.996572673 -0.082697965 -6.619014740 -0.901060462 0.034089241 0.432351768 70.147354126
0.437893689 0.071979620 0.896140635 97.370010376 -0.000617948 0.996813536 -0.079763889 -6.680192947 -0.899026513 0.034374330 0.436542898 70.466026306
0.441381812 0.069204479 0.894646704 98.013015747 -0.000943493 0.997056782 -0.076660819 -6.733839989 -0.897318900 0.032992601 0.440148026 70.780555725
0.444971651 0.068199962 0.892944157 98.663810730 -0.001969760 0.997168124 -0.075178683 -6.797496796 -0.895542502 0.031693488 0.443845898 71.122055054
0.448524117 0.070092015 0.891018093 99.288665771 -0.003912711 0.997064590 -0.076464579 -6.846122742 -0.893762171 0.030809904 0.447481751 71.441398621
0.450990289 0.070431992 0.889745593 99.887931824 -0.003093495 0.996998847 -0.077354118 -6.900859356 -0.892523527 0.032133531 0.449854672 71.749267578
0.453017205 0.068718657 0.888849378 100.495895386 -0.000938701 0.997060955 -0.076606281 -6.949573994 -0.891501307 0.033869598 0.451750249 72.063880920
0.454936296 0.067745551 0.887943447 101.095733643 0.001210332 0.997054160 -0.076690257 -6.995935917 -0.890523195 0.035963885 0.453514159 72.371841431
0.456925690 0.067543089 0.886936843 101.682884216 0.000241488 0.997103453 -0.076057039 -7.042446613 -0.889504910 0.034966603 0.455585837 72.673866272
0.458592951 0.066496551 0.886154950 102.239974976 0.001414631 0.997140467 -0.075556897 -7.101757050 -0.888645291 0.035903450 0.457187533 72.973831177
0.461504400 0.068164416 0.884515285 102.800781250 0.001072558 0.997000098 -0.077392586 -7.144857883 -0.887137234 0.036665712 0.460046828 73.262939453
0.464043200 0.068376504 0.883169651 103.352920532 0.003752786 0.996855617 -0.079150096 -7.194812298 -0.885804653 0.040043410 0.462327451 73.557159424
0.467324734 0.067622088 0.881495833 103.905532837 0.005235316 0.996841311 -0.079246074 -7.247478008 -0.884070277 0.041648559 0.465494543 73.849319458
0.470242441 0.065599173 0.880095899 104.436119080 0.008668886 0.996842206 -0.078932874 -7.292758465 -0.882494688 0.044747040 0.468188822 74.138549805
0.473956734 0.064764731 0.878163159 104.956741333 0.009472470 0.996858776 -0.078630991 -7.341232300 -0.880497158 0.045586064 0.471854538 74.398200989
0.477042139 0.064389937 0.876518488 105.475219727 0.010847075 0.996805251 -0.079129815 -7.383313179 -0.878813505 0.047255918 0.474819720 74.683959961
0.480769128 0.063515894 0.874543786 105.990783691 0.011308231 0.996840954 -0.078614570 -7.431872368 -0.876774311 0.047685001 0.478532076 74.966598511
0.484286338 0.062700808 0.872659981 106.503181458 0.013332901 0.996783972 -0.079018295 -7.476048946 -0.874807894 0.049902566 0.481892943 75.252510071
0.488019794 0.064095192 0.870476067 107.003646851 0.012759430 0.996669710 -0.080540508 -7.518747330 -0.872739315 0.050412137 0.485576749 75.533500671
0.491835386 0.064488292 0.868296683 107.505844116 0.014565588 0.996504426 -0.082260728 -7.566542625 -0.870566368 0.053105995 0.489176810 75.835556030
0.496678799 0.067723669 0.865288198 107.984153748 0.012378439 0.996297002 -0.085082650 -7.613971710 -0.867846131 0.052969668 0.494001359 76.114822388
0.502303243 0.073531628 0.861559391 108.468315125 0.009095859 0.995873213 -0.090297990 -7.658282757 -0.864643693 0.053193599 0.499561578 76.403465271
0.507948160 0.080672100 0.857601702 108.950561523 0.003834524 0.995383263 -0.095903940 -7.707534313 -0.861379147 0.052002732 0.505293667 76.708587646
0.513897538 0.086736426 0.853455424 109.429809570 -0.001075759 0.994939685 -0.100467682 -7.757224560 -0.857850909 0.050711978 0.511390448 77.010231018
0.519847155 0.091354027 0.849360645 109.902954102 -0.004913542 0.994568825 -0.103964768 -7.811219692 -0.854245186 0.049872428 0.517472744 77.332717896
0.525649846 0.091607921 0.845754266 110.385589600 -0.009652607 0.994763315 -0.101748578 -7.865643501 -0.850646436 0.045320395 0.523781359 77.632217407
0.531291902 0.091039084 0.842283130 110.882080078 -0.016193744 0.995118976 -0.097343899 -7.913732529 -0.847034037 0.038078301 0.530172884 77.960998535
0.536897779 0.088355906 0.839007735 111.376220703 -0.022426466 0.995643854 -0.090500124 -7.970233440 -0.843349218 0.029773341 0.536540449 78.302680969
0.542774320 0.086788498 0.835382402 111.878257751 -0.028392978 0.995974243 -0.085024692 -8.019044876 -0.839398503 0.022430222 0.543053448 78.644599915
0.548599541 0.084758855 0.831777990 112.382682800 -0.031411778 0.996235251 -0.080799557 -8.072739601 -0.835494936 0.018198976 0.549196720 78.999374390
0.555080295 0.088435210 0.827082217 112.895683289 -0.036453970 0.995963216 -0.082027301 -8.116374969 -0.830997586 0.015381307 0.556063354 79.358489990
0.561245620 0.092443675 0.822470367 113.408538818 -0.040341612 0.995616853 -0.084376223 -8.160805702 -0.826665521 0.014176005 0.562515020 79.726455688
0.566939354 0.095697053 0.818182051 113.943893433 -0.043431506 0.995320261 -0.086320885 -8.214508057 -0.822613835 0.013403824 0.568442464 80.119422913
0.573437035 0.097948045 0.813373327 114.479827881 -0.045616664 0.995104313 -0.087672234 -8.260275841 -0.817978740 0.013171122 0.575097680 80.507308960
