1.000000000 0.000000000 0.000000000 0.000000000 0.000000000 1.000000000 0.000000000 0.000000000 0.000000000 0.000000000 1.000000000 0.000000000
1.000000000 -0.000126228 0.000087296 -0.012879867 0.000126104 0.999998987 0.001420251 -0.013070816 -0.000087475 -0.001420240 0.999998987 1.318619728
0.999998391 -0.001625621 -0.000638360 -0.011651551 0.001626777 0.999997020 0.001815723 -0.040422115 0.000635406 -0.001816758 0.999998152 2.610933781
0.999995470 -0.002931043 -0.000666367 -0.016577352 0.002931639 0.999995291 0.000895144 -0.057648640 0.000663740 -0.000897093 0.999999404 3.921651840
0.999994874 -0.003167358 -0.000528643 -0.026981048 0.003167903 0.999994397 0.001033024 -0.075966239 0.000525368 -0.001034693 0.999999285 5.244929314
0.999992549 -0.003805352 -0.000620918 -0.023924498 0.003806634 0.999990582 0.002076912 -0.103974819 0.000613008 -0.002079260 0.999997675 6.571394920
0.999986589 -0.005181140 -0.000059283 -0.041049574 0.005181301 0.999981582 0.003144906 -0.118441738 0.000042987 -0.003145171 0.999995112 7.879778385
0.999988914 -0.004689137 -0.000438929 -0.040848691 0.004690698 0.999982357 0.003626978 -0.137508243 0.000421914 -0.003628997 0.999993324 9.229755402
0.999993324 -0.003599662 -0.000644028 -0.051342286 0.003600835 0.999991834 0.001830272 -0.155007958 0.000637434 -0.001832578 0.999998152 10.573565483
0.999998450 -0.001448158 -0.000944731 -0.056033939 0.001448125 0.999998868 -0.000036170 -0.181394920 0.000944782 0.000034802 0.999999583 11.912696838
0.999997139 0.002347612 -0.000372604 -0.077710077 -0.002347946 0.999996722 -0.000897865 -0.203599960 0.000370495 0.000898738 0.999999642 13.251313210
0.999990106 0.004420633 -0.000382765 -0.091728024 -0.004420989 0.999989808 -0.000934003 -0.224786639 0.000378632 0.000935686 0.999999464 14.587497711
0.999983490 0.005721952 -0.000470603 -0.098081142 -0.005722083 0.999983549 -0.000275149 -0.241956502 0.000469021 0.000277837 0.999999821 15.939960480
0.999994993 0.003163087 0.000163434 -0.106579699 -0.003163520 0.999991298 0.002719086 -0.268706739 -0.000154832 -0.002719589 0.999996305 17.295915604
0.999999285 -0.001158903 0.000331406 -0.109562032 0.001157385 0.999989033 0.004541323 -0.287436545 -0.000336665 -0.004540937 0.999989629 18.650405884
0.999993682 -0.003528705 -0.000106165 -0.109081648 0.003528926 0.999991477 0.002156149 -0.301446408 0.000098556 -0.002156510 0.999997675 19.999538422
0.999988854 -0.004703397 -0.000192608 -0.117215432 0.004703479 0.999988854 0.000430346 -0.322124690 0.000190582 -0.000431248 0.999999881 21.352649689
0.999998271 -0.001725039 0.000669962 -0.123808481 0.001726044 0.999997377 -0.001503270 -0.340990156 -0.000667367 0.001504424 0.999998629 22.704528809
0.999998987 0.000920468 0.001142918 -0.129854605 -0.000921270 0.999999344 0.000700807 -0.362467587 -0.001142273 -0.000701860 0.999999046 24.075057983
0.999997556 0.001087752 0.001890528 -0.147402942 -0.001095798 0.999990344 0.004260341 -0.380567580 -0.001885876 -0.004262402 0.999989152 25.438077927
0.999995708 -0.001016872 0.002741224 -0.154354468 0.001000123 0.999980867 0.006104734 -0.394379646 -0.002747379 -0.006101968 0.999977589 26.815025330
0.999984741 -0.005084364 0.002172001 -0.148499414 0.005075175 0.999978244 0.004215249 -0.409247279 -0.002193386 -0.004204161 0.999988735 28.189199448
0.999985039 -0.005055159 0.002063673 -0.148306459 0.005051243 0.999985456 0.001898499 -0.427059084 -0.002073240 -0.001888047 0.999996006 29.575090408
0.999980688 -0.005562671 0.002771125 -0.153176114 0.005564310 0.999984384 -0.000583875 -0.445724845 -0.002767834 0.000599283 0.999995947 30.960935593
0.999991775 -0.002036255 0.003490356 -0.159714550 0.002040620 0.999997139 -0.001247516 -0.473338991 -0.003487806 0.001254629 0.999993145 32.339134216
0.999992788 -0.000846353 0.003698145 -0.164989188 0.000859180 0.999993622 -0.003468262 -0.496425241 -0.003695186 0.003471415 0.999987185 33.719345093
0.999992669 -0.000168287 0.003826126 -0.162163451 0.000179217 0.999995887 -0.002856448 -0.522117317 -0.003825630 0.002857112 0.999988556 35.107452393
0.999993205 0.000045814 0.003694726 -0.172111392 -0.000039415 0.999998510 -0.001731975 -0.548052847 -0.003694799 0.001731818 0.999991655 36.485813141
0.999992847 0.001336450 0.003537380 -0.171297476 -0.001336893 0.999999106 0.000122789 -0.577202737 -0.003537212 -0.000127517 0.999993742 37.882202148
0.999986351 0.003896237 0.003495007 -0.181296661 -0.003897768 0.999992371 0.000431306 -0.598085523 -0.003493299 -0.000444923 0.999993801 39.287746429
0.999970496 0.006589130 0.003942277 -0.185851797 -0.006588456 0.999978244 -0.000184129 -0.617933631 -0.003943405 0.000158150 0.999992132 40.698177338
0.999957144 0.008541252 0.003576286 -0.188444033 -0.008543343 0.999963403 0.000569727 -0.642313719 -0.003571289 -0.000600256 0.999993503 42.108551025
0.999952018 0.009179280 0.003428107 -0.194131389 -0.009180141 0.999957860 0.000235422 -0.660961807 -0.003425802 -0.000266881 0.999994099 43.514881134
0.999956548 0.008700714 0.003360435 -0.206370309 -0.008700893 0.999962151 0.000038832 -0.680539131 -0.003359970 -0.000068069 0.999994338 44.915718079
0.999967813 0.007635260 0.002432257 -0.202874199 -0.007634901 0.999970853 -0.000157051 -0.707260311 -0.002433385 0.000138476 0.999996960 46.338413239
0.999975264 0.006906427 0.001279210 -0.202886552 -0.006906458 0.999976099 0.000019132 -0.728914380 -0.001279047 -0.000027966 0.999999166 47.750541687
0.999972403 0.007408462 0.000411875 -0.207548365 -0.007408969 0.999971747 0.001245867 -0.754484594 -0.000402633 -0.001248884 0.999999166 49.180927277
0.999968708 0.007891589 -0.000522718 -0.222361535 -0.007891164 0.999968469 0.000809144 -0.770865202 0.000529087 -0.000804994 0.999999583 50.590538025
0.999966204 0.008053028 -0.001603983 -0.233803868 -0.008050873 0.999966621 0.001346430 -0.796701968 0.001614772 -0.001333470 0.999997795 52.000728607
0.999965310 0.007668584 -0.003217255 -0.243912637 -0.007660814 0.999967694 0.002420933 -0.819346845 0.003235716 -0.002396202 0.999991834 53.419250488
0.999971330 0.006685889 -0.003551443 -0.252135456 -0.006673950 0.999971986 0.003363033 -0.843191028 0.003573829 -0.003339234 0.999988019 54.866615295
0.999977589 0.005411518 -0.003958344 -0.264996469 -0.005397949 0.999979436 0.003430595 -0.857677996 0.003976827 -0.003409151 0.999986291 56.307151794
0.999985754 0.002963200 -0.004440564 -0.275000542 -0.002951171 0.999991953 0.002712884 -0.881385922 0.004448566 -0.002699740 0.999986470 57.736598969
0.999987006 0.001317544 -0.004932560 -0.283675045 -0.001302053 0.999994218 0.003142328 -0.902855456 0.004936671 -0.003135864 0.999982893 59.162578583
0.999991179 0.000165052 -0.004193110 -0.295673579 -0.000149105 0.999992728 0.003803156 -0.926086366 0.004193708 -0.003802497 0.999983966 60.590393066
0.999991715 -0.001064737 -0.003907493 -0.304544330 0.001083505 0.999987781 0.004803967 -0.946262062 0.003902330 -0.004808162 0.999980807 62.021232605
0.999993265 -0.002196894 -0.002936219 -0.326223612 0.002209628 0.999988139 0.004340629 -0.971694708 0.002926647 -0.004347087 0.999986291 63.420463562
0.999991000 -0.003472769 -0.002447736 -0.335837007 0.003480456 0.999989033 0.003143307 -0.985756516 0.002436793 -0.003151799 0.999992073 64.840164185
0.999991655 -0.003544373 -0.002009047 -0.339679688 0.003551048 0.999988139 0.003328620 -1.018030763 0.001997225 -0.003335727 0.999992430 66.246803284
0.999996126 -0.002539069 -0.001116684 -0.348558813 0.002543050 0.999990344 0.003578322 -1.040746570 0.001107588 -0.003581148 0.999992967 67.666931152
0.999999225 0.001129701 -0.000524721 -0.367784381 -0.001127365 0.999989569 0.004431476 -1.060989857 0.000529721 -0.004430880 0.999990046 69.039260864
0.999990106 0.004419298 0.000556835 -0.385594487 -0.004422447 0.999973595 0.005786084 -1.080344558 -0.000531250 -0.005788488 0.999983132 70.439918518
0.999965787 0.008194853 0.001139355 -0.391704679 -0.008201882 0.999946475 0.006308788 -1.101497650 -0.001087595 -0.006317917 0.999979436 71.831298828
0.999926865 0.011959631 0.001780578 -0.406465918 -0.011970280 0.999909818 0.006096178 -1.120143771 -0.001707510 -0.006117046 0.999979734 73.234107971
0.999873757 0.015683062 0.002521448 -0.418220401 -0.015696125 0.999862969 0.005246571 -1.139855146 -0.002438820 -0.005285485 0.999983072 74.640060425
0.999850333 0.017025048 0.003085186 -0.420363903 -0.017041385 0.999840438 0.005347093 -1.161942482 -0.002993659 -0.005398867 0.999980867 76.032440186
0.999848127 0.017066756 0.003528109 -0.429879755 -0.017086752 0.999837637 0.005717617 -1.180804372 -0.003429955 -0.005777031 0.999977410 77.429092407
0.999858975 0.016350364 0.003869848 -0.438601792 -0.016370824 0.999851823 0.005315911 -1.197765470 -0.003782358 -0.005378513 0.999978304 78.821853638
0.999885321 0.014687367 0.003717847 -0.441680402 -0.014704706 0.999880910 0.004680602 -1.219889879 -0.003648659 -0.004734734 0.999982178 80.205673218
0.999886334 0.014729101 0.003216435 -0.438306302 -0.014743413 0.999881327 0.004472204 -1.240454912 -0.003150181 -0.004519117 0.999984801 81.595123291
0.999893546 0.014289928 0.002932895 -0.439852387 -0.014303745 0.999886453 0.004745171 -1.259889603 -0.002864755 -0.004786618 0.999984443 82.978385925
0.999905825 0.013585760 0.002003220 -0.430786580 -0.013594063 0.999898732 0.004191386 -1.277565360 -0.001946074 -0.004218224 0.999989152 84.359100342
0.999902487 0.013885233 0.001472432 -0.449427426 -0.013891852 0.999893010 0.004584002 -1.290370703 -0.001408624 -0.004604011 0.999988437 85.751991272
0.999906659 0.013650002 0.000547100 -0.450550526 -0.013652770 0.999892116 0.005426396 -1.314659715 -0.000472970 -0.005433358 0.999985158 87.108619690
0.999932826 0.011585377 -0.000354468 -0.464324117 -0.011582831 0.999911726 0.006501411 -1.340250969 0.000429758 -0.006496868 0.999978781 88.498985291
0.999952912 0.009526873 -0.001806751 -0.472557276 -0.009514499 0.999932051 0.006738817 -1.350082874 0.001870828 -0.006721310 0.999975622 89.880882263
0.999971569 0.007065283 -0.002637604 -0.468496412 -0.007045895 0.999948621 0.007289073 -1.380701661 0.002688968 -0.007270282 0.999969959 91.245109558
0.999977231 0.005948111 -0.003177009 -0.480030060 -0.005927245 0.999961078 0.006537547 -1.395931244 0.003215772 -0.006518568 0.999973595 92.617134094
0.999983013 0.004899560 -0.003165943 -0.486772299 -0.004879581 0.999968290 0.006287738 -1.414119959 0.003196649 -0.006272183 0.999975145 93.954078674
0.999981463 0.005168443 -0.003241282 -0.503644705 -0.005150833 0.999972045 0.005418061 -1.426854610 0.003269194 -0.005401265 0.999980032 95.314849854
0.999980807 0.005330274 -0.003151492 -0.511244714 -0.005314426 0.999973416 0.005015847 -1.448641539 0.003178144 -0.004999003 0.999982476 96.688415527
0.999976456 0.006140776 -0.003044864 -0.526787639 -0.006126727 0.999970675 0.004601818 -1.472246289 0.003073033 -0.004583055 0.999984801 98.027717590
0.999971032 0.007072709 -0.002797272 -0.533863068 -0.007059483 0.999963999 0.004709770 -1.488226295 0.002830482 -0.004689887 0.999984980 99.375144958
0.999970675 0.007174739 -0.002677527 -0.544769406 -0.007158587 0.999956369 0.005993645 -1.502950668 0.002720413 -0.005974301 0.999978483 100.720222473
0.999959886 0.008568755 -0.002609918 -0.554374993 -0.008548887 0.999935091 0.007531509 -1.524072051 0.002674284 -0.007508895 0.999968231 102.061386108
0.999964178 0.008116227 -0.002422594 -0.563407421 -0.008101452 0.999948859 0.006047560 -1.537330270 0.002471554 -0.006027718 0.999978840 103.410949707
0.999962747 0.008314397 -0.002298821 -0.575750589 -0.008306267 0.999959290 0.003524347 -1.554754615 0.002328030 -0.003505121 0.999991059 104.708267212
0.999967992 0.007514055 -0.002739341 -0.578680694 -0.007507796 0.999969184 0.002288406 -1.568852305 0.002756451 -0.002267767 0.999993563 106.064659119
0.999983788 0.005126178 -0.002483880 -0.585513055 -0.005116930 0.999980032 0.003715436 -1.594429731 0.002502876 -0.003702666 0.999989986 107.390251160
0.999995053 0.002521809 -0.001871690 -0.595380366 -0.002511083 0.999980569 0.005711337 -1.612329245 0.001886056 -0.005706609 0.999981880 108.729072571
0.999998868 0.001086119 -0.001043242 -0.598677158 -0.001079652 0.999980330 0.006179199 -1.627600789 0.001049933 -0.006178066 0.999980390 110.070220947
0.999999940 0.000239947 -0.000254232 -0.605035067 -0.000238701 0.999988019 0.004889108 -1.644682288 0.000255402 -0.004889047 0.999988019 111.386795044
0.999997079 0.002381767 0.000354737 -0.615696669 -0.002382640 0.999994099 0.002481223 -1.661940098 -0.000348826 -0.002482061 0.999996841 112.731887817
0.999986589 0.004888664 0.001713502 -0.625082552 -0.004888906 0.999988019 0.000136346 -1.677756786 -0.001712815 -0.000144722 0.999998510 114.070915222
0.999965906 0.007745916 0.002850671 -0.629783034 -0.007746995 0.999969900 0.000367962 -1.702576876 -0.002847735 -0.000390034 0.999995828 115.392745972
0.999951184 0.008908231 0.004259244 -0.633030653 -0.008917843 0.999957681 0.002242998 -1.722470045 -0.004239082 -0.002280872 0.999988437 116.746566772
0.999947786 0.008639652 0.005453906 -0.636113465 -0.008665045 0.999951661 0.004649485 -1.744272709 -0.005413472 -0.004696501 0.999974310 118.069709778
0.999946594 0.008014581 0.006531134 -0.638388097 -0.008048378 0.999954283 0.005164895 -1.759301782 -0.006489441 -0.005217185 0.999965310 119.406669617
0.999937057 0.008554881 0.007258138 -0.632263839 -0.008586671 0.999953568 0.004359953 -1.769035816 -0.007220501 -0.004422001 0.999964178 120.755897522
0.999914169 0.010045974 0.008409012 -0.624748051 -0.010079841 0.999941230 0.003994923 -1.787028313 -0.008368385 -0.004079342 0.999956727 122.099746704
0.999869883 0.012767227 0.009861334 -0.633219004 -0.012800784 0.999912441 0.003347276 -1.801305890 -0.009817735 -0.003473073 0.999945760 123.432304382
0.999844849 0.013523906 0.011290214 -0.635169089 -0.013546904 0.999906242 0.001962875 -1.814097166 -0.011262610 -0.002115517 0.999934256 124.769729614
0.999825954 0.014483309 0.011759398 -0.621868908 -0.014502010 0.999893725 0.001506567 -1.839788795 -0.011736328 -0.001676839 0.999929726 126.120674133
0.999824584 0.013542327 0.012943595 -0.618132114 -0.013560427 0.999907196 0.001311601 -1.857437372 -0.012924632 -0.001486891 0.999915361 127.463279724
0.999824166 0.012938686 0.013571915 -0.600147009 -0.012972988 0.999912858 0.002442603 -1.880370736 -0.013539129 -0.002618242 0.999904931 128.814834595
0.999821663 0.011974304 0.014603072 -0.592347264 -0.012019861 0.999923170 0.003035869 -1.899245262 -0.014565597 -0.003210854 0.999888778 130.135833740
0.999823809 0.011199239 0.015071758 -0.582568526 -0.011252268 0.999930739 0.003438264 -1.913301587 -0.015032212 -0.003607250 0.999880493 131.523880005
0.999853015 0.008521416 0.014880361 -0.563717484 -0.008576658 0.999956548 0.003652481 -1.927105784 -0.014848590 -0.003779568 0.999882638 132.876449585
0.999859631 0.007666010 0.014899331 -0.551714659 -0.007729578 0.999961376 0.004213682 -1.951657176 -0.014866450 -0.004328256 0.999880075 134.228195190
0.999881625 0.006271753 0.014051525 -0.538201809 -0.006326952 0.999972403 0.003887285 -1.968815923 -0.014026757 -0.003975729 0.999893725 135.573822021
0.999902070 0.005008517 0.013066473 -0.532003760 -0.005056364 0.999980628 0.003631326 -1.982823014 -0.013048032 -0.003697040 0.999908030 136.913223267
0.999924600 0.003146949 0.011863949 -0.508703947 -0.003204395 0.999983132 0.004826182 -2.008575678 -0.011848561 -0.004863834 0.999917984 138.268981934
0.999939978 0.001569912 0.010841524 -0.499490231 -0.001625657 0.999985456 0.005134943 -2.027585030 -0.010833305 -0.005152259 0.999928117 139.606842041
0.999954998 0.001851686 0.009318233 -0.486589670 -0.001895488 0.999987304 0.004693981 -2.040247917 -0.009309421 -0.004711432 0.999945581 140.965972900
0.999964952 0.001123428 0.008310047 -0.484211296 -0.001158449 0.999990463 0.004210718 -2.059094667 -0.008305238 -0.004220197 0.999956667 142.307144165
0.999972701 0.001481752 0.007227783 -0.474445373 -0.001510864 0.999990702 0.004023940 -2.080783129 -0.007221753 -0.004034750 0.999965787 143.637603760
0.999980152 -0.001100081 0.006189143 -0.475521237 0.001089476 0.999997914 0.001716606 -2.099582672 -0.006191019 -0.001709828 0.999979377 144.967559814
0.999963701 -0.006731624 0.005220382 -0.458139241 0.006725885 0.999976695 0.001115816 -2.118715048 -0.005227772 -0.001080664 0.999985695 146.327056885
0.999896467 -0.013655346 0.004536268 -0.456959456 0.013640069 0.999901235 0.003381850 -2.134817600 -0.004582000 -0.003319625 0.999983907 147.669509888
0.999777853 -0.020895990 0.002760177 -0.443694860 0.020882480 0.999770343 0.004835610 -2.156410217 -0.002860588 -0.004776898 0.999984503 149.023620605
0.999701202 -0.024409214 0.001317905 -0.424955845 0.024407396 0.999701142 0.001378556 -2.172220707 -0.001351161 -0.001345978 0.999998212 150.382019043
0.999716699 -0.023727592 0.001881248 -0.430511296 0.023730535 0.999717116 -0.001556879 -2.201969624 -0.001843775 0.001601081 0.999997020 151.726577759
0.999792576 -0.020171212 0.002827632 -0.444872081 0.020180982 0.999790370 -0.003470009 -2.228169680 -0.002757045 0.003526354 0.999989927 153.055847168
0.999784708 -0.020421591 0.003657107 -0.439899266 0.020434255 0.999785185 -0.003460282 -2.256967545 -0.003585656 0.003534267 0.999987304 154.415161133
0.999714434 -0.023456259 0.004550397 -0.443361491 0.023456484 0.999724925 0.000003395 -2.282243729 -0.004549225 0.000103342 0.999989629 155.764663696
0.999563575 -0.029172437 0.004653658 -0.425414979 0.029159905 0.999571025 0.002737727 -2.305128098 -0.004731528 -0.002600832 0.999985397 157.121139526
0.999455333 -0.032675795 0.004620473 -0.419140488 0.032656543 0.999457955 0.004182752 -2.323605061 -0.004754644 -0.004029585 0.999980509 158.457611084
0.999393284 -0.034515198 0.004664896 -0.410071105 0.034496669 0.999396741 0.003996854 -2.342794895 -0.004800033 -0.003833505 0.999981105 159.822708130
0.999449015 -0.032701336 0.005680257 -0.413798541 0.032674752 0.999454916 0.004710513 -2.359787226 -0.005831201 -0.004522317 0.999972761 161.159286499
0.999564528 -0.028672975 0.006960320 -0.410807014 0.028647762 0.999582767 0.003695291 -2.377506971 -0.007063371 -0.003494284 0.999968946 162.522048950
0.999652505 -0.025080064 0.008115605 -0.422643125 0.025066245 0.999684155 0.001800166 -2.398272038 -0.008158189 -0.001596113 0.999965370 163.862686157
0.999704182 -0.022555182 0.009094894 -0.419544458 0.022545880 0.999745190 0.001124226 -2.415977478 -0.009117934 -0.000918841 0.999957979 165.216629028
0.999744833 -0.020684224 0.009094006 -0.413921535 0.020658938 0.999782443 0.002866154 -2.446825743 -0.009151313 -0.002677549 0.999954522 166.577255249
0.999786973 -0.018872391 0.008357777 -0.399225473 0.018851874 0.999819100 0.002527012 -2.467948914 -0.008403956 -0.002368914 0.999961853 167.952438354
0.999832511 -0.016184762 0.008560488 -0.403713524 0.016188229 0.999868929 -0.000335519 -2.482396841 -0.008553938 0.000474042 0.999963284 169.302536011
0.999891996 -0.012262511 0.008110012 -0.404901713 0.012287411 0.999919951 -0.003027617 -2.507147074 -0.008072238 0.003126940 0.999962509 170.656982422
0.999943554 -0.007143841 0.007863429 -0.402410924 0.007178285 0.999964714 -0.004360865 -2.531736135 -0.007832000 0.004417064 0.999959588 172.047210693
0.999962986 -0.002847629 0.008117345 -0.404280931 0.002871945 0.999991357 -0.002985424 -2.558179617 -0.008108774 0.003008626 0.999962568 173.416458130
0.999960303 0.000327881 0.008905200 -0.412028879 -0.000317325 0.999999344 -0.001186777 -2.584493637 -0.008905582 0.001183904 0.999959648 174.777282715
0.999959767 0.001477903 0.008839760 -0.405326068 -0.001485974 0.999998510 0.000906502 -2.603613853 -0.008838406 -0.000919601 0.999960542 176.157623291
0.999966145 -0.001953935 0.007989787 -0.397942364 0.001937201 0.999995947 0.002101695 -2.626157284 -0.007993860 -0.002086146 0.999965966 177.538070679
0.999970138 -0.004526332 0.006261208 -0.388368845 0.004512880 0.999987483 0.002160920 -2.646762609 -0.006270910 -0.002132599 0.999978065 178.930236816
0.999979436 -0.004574929 0.004498917 -0.390184551 0.004585761 0.999986589 -0.002400326 -2.666151047 -0.004487875 0.002420908 0.999987006 180.321731567
0.999991119 -0.003248466 0.002691741 -0.383584082 0.003264906 0.999975920 -0.006125798 -2.698519945 -0.002671776 0.006134532 0.999977589 181.713867188
0.999996364 0.001757033 0.002043976 -0.394689053 -0.001742873 0.999974549 -0.006908731 -2.726102829 -0.002056064 0.006905143 0.999974012 183.116424561
0.999986887 0.004771044 0.001876003 -0.404325545 -0.004760043 0.999971628 -0.005825402 -2.755752325 -0.001903743 0.005816395 0.999981284 184.521713257
0.999973416 0.006907812 0.002323322 -0.418357909 -0.006902192 0.999973238 -0.002418611 -2.784296751 -0.002339967 0.002402511 0.999994397 185.926269531
0.999963582 0.008108154 0.002641751 -0.422745794 -0.008106962 0.999967039 -0.000461967 -2.809526682 -0.002645409 0.000440533 0.999996364 187.326446533
0.999971867 0.007006978 0.002651096 -0.420297295 -0.007008668 0.999975264 0.000627859 -2.830329418 -0.002646631 -0.000646422 0.999996305 188.741683960
0.999984622 0.005019758 0.002354220 -0.423133463 -0.005022163 0.999986947 0.001016526 -2.845443010 -0.002349086 -0.001028334 0.999996722 190.173294067
0.999992013 0.002953227 0.002688180 -0.415117055 -0.002956883 0.999994695 0.001357153 -2.866366148 -0.002684158 -0.001365091 0.999995470 191.605422974
0.999996305 0.000170088 0.002703253 -0.416005611 -0.000173895 0.999998987 0.001408323 -2.883518457 -0.002703011 -0.001408788 0.999995351 193.027648926
0.999991536 -0.002625590 0.003167407 -0.411001593 0.002617472 0.999993265 0.002564472 -2.911662340 -0.003174119 -0.002556160 0.999991715 194.466949463
0.999968708 -0.007104148 0.003470833 -0.406194538 0.007090069 0.999966681 0.004051951 -2.928875923 -0.003499503 -0.004027216 0.999985754 195.898742676
0.999943674 -0.009785631 0.004107245 -0.411921680 0.009770355 0.999945283 0.003723199 -2.946832180 -0.004143455 -0.003682859 0.999984622 197.320571899
0.999961615 -0.007343648 0.004782715 -0.417353719 0.007347737 0.999972582 -0.000837653 -2.964806080 -0.004776433 0.000872763 0.999988198 198.750717163
0.999988198 -0.000557859 0.004818922 -0.421526104 0.000583769 0.999985516 -0.005377099 -2.993854761 -0.004815852 0.005379850 0.999973953 200.185531616
0.999938130 0.009227750 0.006215844 -0.432547182 -0.009193251 0.999942303 -0.005556088 -3.023139954 -0.006266755 0.005498601 0.999965191 201.630233765
0.999824822 0.017251002 0.007281148 -0.449964374 -0.017237701 0.999849617 -0.001885897 -3.048022747 -0.007312587 0.001760056 0.999971688 203.059753418
0.999810934 0.017629070 0.008201664 -0.445070714 -0.017632678 0.999844491 0.000367797 -3.076050520 -0.008193905 -0.000512345 0.999966323 204.512374878
0.999848366 0.015644982 0.007647436 -0.434528679 -0.015653897 0.999876797 0.001107073 -3.092415094 -0.007629175 -0.001226617 0.999970198 205.957763672
0.999900699 0.012607443 0.006293458 -0.429801017 -0.012611311 0.999920309 0.000575249 -3.116417170 -0.006285704 -0.000654561 0.999980032 207.409103394
0.999924719 0.010848809 0.005730764 -0.427081496 -0.010849301 0.999941111 0.000054625 -3.139690161 -0.005729834 -0.000116795 0.999983549 208.894897461
0.999925733 0.011133742 0.004967095 -0.420575112 -0.011131986 0.999937952 -0.000381292 -3.161122322 -0.004971033 0.000325970 0.999987543 210.366043091
0.999903262 0.012842086 0.005337724 -0.439138681 -0.012841297 0.999917448 -0.000181898 -3.186682940 -0.005339620 0.000113337 0.999985754 211.819274902
0.999894917 0.013503707 0.005258395 -0.439625829 -0.013507984 0.999908388 0.000778480 -3.212452412 -0.005247402 -0.000849428 0.999985874 213.278213501
0.999902010 0.013128844 0.004856478 -0.441032261 -0.013130471 0.999913692 0.000303104 -3.232667446 -0.004852080 -0.000366842 0.999988139 214.744384766
0.999910355 0.012621093 0.004474357 -0.443383336 -0.012617298 0.999919951 -0.000875352 -3.258396626 -0.004485047 0.000818819 0.999989569 216.216491699
0.999925494 0.011481727 0.004151032 -0.441763252 -0.011477191 0.999933541 -0.001114707 -3.276750803 -0.004163555 0.001066982 0.999990761 217.688232422
0.999922037 0.011879690 0.003832648 -0.443641067 -0.011874858 0.999928653 -0.001281177 -3.301033258 -0.003847595 0.001235565 0.999991775 219.161300659
0.999916911 0.012347909 0.003686520 -0.450459927 -0.012343156 0.999922931 -0.001308951 -3.327624798 -0.003702398 0.001263339 0.999992371 220.640869141
0.999917865 0.012385380 0.003328616 -0.452505082 -0.012379955 0.999922037 -0.001646119 -3.350994587 -0.003348744 0.001604776 0.999993026 222.128372192
0.999911189 0.012982488 0.003009106 -0.462463826 -0.012977353 0.999914348 -0.001719281 -3.379266977 -0.003031168 0.001680078 0.999993920 223.611007690
0.999916077 0.012689418 0.002614051 -0.460480779 -0.012684058 0.999917448 -0.002056740 -3.404401779 -0.002639934 0.002023412 0.999994457 225.116622925
0.999909341 0.013240974 0.002447999 -0.469225258 -0.013235894 0.999910235 -0.002079682 -3.429328203 -0.002475316 0.002047092 0.999994814 226.607070923
0.999915540 0.012759424 0.002475631 -0.473986536 -0.012754184 0.999916375 -0.002121026 -3.457332373 -0.002502487 0.002089272 0.999994636 228.100524902
0.999933660 0.011254700 0.002486389 -0.485036373 -0.011249715 0.999934673 -0.002009760 -3.485489607 -0.002508846 0.001981655 0.999994934 229.591140747
0.999945581 0.010116098 0.002526887 -0.477768540 -0.010111077 0.999946892 -0.001992081 -3.516419411 -0.002546905 0.001966423 0.999994814 231.093994141
0.999955297 0.008991193 0.002924801 -0.488324106 -0.008986936 0.999958575 -0.001464828 -3.538062096 -0.002937851 0.001438478 0.999994636 232.595718384
0.999957025 0.008830278 0.002814963 -0.486156702 -0.008828365 0.999960780 -0.000691344 -3.579528809 -0.002820957 0.000666463 0.999995828 234.099578857
0.999953568 0.009191762 0.002872283 -0.490866065 -0.009188894 0.999957263 -0.001009941 -3.604783773 -0.002881443 0.000983501 0.999995351 235.609802246
0.999947488 0.009747923 0.003158048 -0.493774801 -0.009743366 0.999951482 -0.001454552 -3.633953094 -0.003172073 0.001423705 0.999993980 237.119491577
0.999931335 0.011136200 0.003638219 -0.500262320 -0.011133444 0.999937773 -0.000776786 -3.659559011 -0.003646644 0.000736227 0.999993086 238.624832153
0.999920487 0.011777129 0.004513525 -0.502623439 -0.011782839 0.999929786 0.001240137 -3.685344219 -0.004498602 -0.001293221 0.999988973 240.158569336
0.999915600 0.011905521 0.005208370 -0.507021546 -0.011913199 0.999927938 0.001445029 -3.706695557 -0.005190791 -0.001506955 0.999985337 241.665466309
0.999913812 0.011833685 0.005684769 -0.500908256 -0.011833753 0.999929965 -0.000021581 -3.731041908 -0.005684627 -0.000045694 0.999983847 243.174713135
0.999905884 0.012284718 0.006110965 -0.494401604 -0.012275508 0.999923408 -0.001542560 -3.753379345 -0.006129447 0.001467400 0.999980152 244.694229126
0.999905467 0.012152358 0.006431043 -0.496176749 -0.012148589 0.999926031 -0.000625176 -3.784195662 -0.006438164 0.000546989 0.999979079 246.208755493
0.999913096 0.011749854 0.005980498 -0.487299353 -0.011753070 0.999930799 0.000502779 -3.811896086 -0.005974178 -0.000573025 0.999981940 247.743255615
0.999903560 0.012527828 0.005994451 -0.490015000 -0.012532232 0.999921143 0.000697675 -3.835232973 -0.005985239 -0.000772731 0.999981821 249.269760132
0.999909043 0.012374299 0.005365316 -0.483151287 -0.012380030 0.999922752 0.001036165 -3.865135670 -0.005352079 -0.001102494 0.999985099 250.800888062
0.999886930 0.013811518 0.005948867 -0.487808198 -0.013818764 0.999903738 0.001178496 -3.886825085 -0.005932018 -0.001260569 0.999981642 252.340072632
0.999868453 0.015046236 0.006058043 -0.495288670 -0.015052522 0.999886215 0.000993017 -3.907059431 -0.006042412 -0.001084075 0.999981165 253.850601196
0.999860346 0.015326366 0.006674412 -0.503319919 -0.015334893 0.999881685 0.001228075 -3.928606749 -0.006654800 -0.001330255 0.999976933 255.379364014
0.999888122 0.013674837 0.006060516 -0.494969755 -0.013683519 0.999905407 0.001393838 -3.951442480 -0.006040882 -0.001476611 0.999980688 256.925415039
0.999906898 0.012241413 0.006028373 -0.489266515 -0.012254472 0.999922633 0.002134375 -3.973197937 -0.006001780 -0.002208051 0.999979556 258.454528809
0.999939322 0.009465429 0.005634894 -0.483854651 -0.009480304 0.999951661 0.002618972 -3.988198996 -0.005609831 -0.002672233 0.999980628 259.997863770
0.999953091 0.008123035 0.005275147 -0.476857781 -0.008133345 0.999965072 0.001935971 -4.011252403 -0.005259236 -0.001978785 0.999984145 261.531707764
0.999965131 0.006555437 0.005168389 -0.475714445 -0.006561219 0.999977887 0.001102675 -4.037791729 -0.005161047 -0.001136547 0.999986053 263.062805176
0.999973714 0.004822600 0.005420171 -0.469836533 -0.004835527 0.999985516 0.002374413 -4.052603722 -0.005408642 -0.002400560 0.999982536 264.600677490
0.999975085 0.002832149 0.006455677 -0.479250759 -0.002861034 0.999985874 0.004469565 -4.073119640 -0.006442927 -0.004487924 0.999969125 266.128173828
0.999977589 0.001939147 0.006393856 -0.475291818 -0.001961380 0.999992073 0.003472870 -4.088981152 -0.006387070 -0.003485334 0.999973536 267.662597656
0.999977469 0.001222705 0.006602906 -0.462887138 -0.001239345 0.999996066 0.002516617 -4.107764721 -0.006599802 -0.002524743 0.999975026 269.208557129
0.999971569 0.002014903 0.007269320 -0.459825754 -0.002031775 0.999995291 0.002314307 -4.131538391 -0.007264622 -0.002329011 0.999970853 270.755889893
0.999958932 0.003760753 0.008236435 -0.454043120 -0.003781157 0.999989748 0.002463041 -4.158474922 -0.008227088 -0.002494083 0.999963045 272.290222168
0.999943197 0.005221432 0.009291955 -0.453513026 -0.005242275 0.999983788 0.002220094 -4.180263042 -0.009280212 -0.002268679 0.999954402 273.825103760
0.999925256 0.006458113 0.010382456 -0.452261001 -0.006477978 0.999977171 0.001880897 -4.201842785 -0.010370072 -0.001948014 0.999944329 275.370208740
0.999908924 0.007561076 0.011181723 -0.437601149 -0.007575634 0.999970436 0.001260230 -4.225479603 -0.011171863 -0.001344824 0.999936640 276.910430908
0.999902248 0.007626237 0.011720149 -0.425298810 -0.007635696 0.999970496 0.000762343 -4.249164581 -0.011713989 -0.000851760 0.999930978 278.437133789
0.999896348 0.006571953 0.012811689 -0.415952861 -0.006578332 0.999978244 0.000455727 -4.272886753 -0.012808415 -0.000539959 0.999917805 279.996673584
0.999896765 0.005895528 0.013098636 -0.386680871 -0.005904826 0.999982357 0.000671167 -4.299291134 -0.013094447 -0.000748443 0.999913990 281.525695801
0.999896228 0.004655235 0.013634598 -0.366963774 -0.004677867 0.999987721 0.001628497 -4.321327686 -0.013626849 -0.001692109 0.999905646 283.087341309
0.999899387 0.003721351 0.013692396 -0.349666893 -0.003747998 0.999991119 0.001920904 -4.347642422 -0.013685127 -0.001972029 0.999904394 284.638336182
0.999898076 0.003624491 0.013804964 -0.334372520 -0.003616074 0.999993265 -0.000634687 -4.369003773 -0.013807172 0.000584703 0.999904513 286.205688477
0.999906838 0.002371234 0.013435264 -0.312945455 -0.002329988 0.999992549 -0.003084761 -4.392006874 -0.013442478 0.003053170 0.999904990 287.777160645
0.999912500 0.002337240 0.013018216 -0.304700494 -0.002296668 0.999992490 -0.003130695 -4.417180538 -0.013025436 0.003100523 0.999910295 289.309753418
0.999927461 0.000560224 0.012028607 -0.290869296 -0.000523835 0.999995291 -0.003028171 -4.442914009 -0.012030247 0.003021651 0.999922991 290.863983154
0.999939919 0.000430892 0.010954788 -0.286371231 -0.000390879 0.999993205 -0.003654365 -4.468289375 -0.010956288 0.003649863 0.999933243 292.409515381
0.999947786 0.000864683 0.010180014 -0.265469491 -0.000822378 0.999991000 -0.004159095 -4.494851589 -0.010183520 0.004150507 0.999939501 293.995269775
0.999956667 0.000901485 0.009262474 -0.248246506 -0.000868188 0.999993086 -0.003598178 -4.527914047 -0.009265653 0.003589981 0.999950647 295.570526123
0.999965727 0.000701994 0.008251081 -0.240704477 -0.000673342 0.999993682 -0.003474829 -4.560912132 -0.008253468 0.003469154 0.999959946 297.132843018
0.999974489 0.000167997 0.007144622 -0.230005428 -0.000154736 0.999998271 -0.001856616 -4.594803810 -0.007144922 0.001855463 0.999972701 298.697082520
0.999977887 0.001729588 0.006423912 -0.226616323 -0.001724868 0.999998212 -0.000740152 -4.616922379 -0.006425180 0.000729056 0.999979079 300.283538818
0.999971211 0.002153268 0.007275555 -0.223614231 -0.002148145 0.999997437 -0.000711945 -4.639452934 -0.007277070 0.000696295 0.999973297 301.858123779
0.999963999 0.002511681 0.008101580 -0.218761668 -0.002506010 0.999996603 -0.000710039 -4.670283318 -0.008103334 0.000689711 0.999966860 303.457244873
0.999962449 0.001360029 0.008559991 -0.213560969 -0.001350540 0.999998450 -0.001114274 -4.692763329 -0.008561495 0.001102671 0.999962747 305.038391113
0.999962509 -0.000559105 0.008658028 -0.200746059 0.000575086 0.999998093 -0.001843410 -4.726418495 -0.008656981 0.001848320 0.999960780 306.627319336
0.999958158 -0.002281323 0.008861838 -0.183168963 0.002317069 0.999989152 -0.004025547 -4.751091957 -0.008852559 0.004045913 0.999952614 308.225006104
0.999958336 -0.002364815 0.008815216 -0.178291187 0.002408128 0.999984980 -0.004906091 -4.782143593 -0.008803484 0.004927114 0.999949098 309.825531006
0.999978185 -0.001592680 0.006412360 -0.175412640 0.001631445 0.999980390 -0.006044746 -4.812454224 -0.006402608 0.006055075 0.999961197 311.435180664
0.999989927 -0.000712636 0.004432808 -0.169942811 0.000736496 0.999985158 -0.005383388 -4.845029831 -0.004428906 0.005386598 0.999975681 313.043670654
0.999992371 0.000473617 0.003864813 -0.170530751 -0.000464817 0.999997258 -0.002277709 -4.872788429 -0.003865882 0.002275895 0.999989927 314.677154541
0.999988914 -0.001258787 0.004537438 -0.166970447 0.001254078 0.999998689 0.001040642 -4.905197144 -0.004538742 -0.001034940 0.999989092 316.294128418
0.999988019 -0.002297647 0.004331512 -0.159013972 0.002289412 0.999995589 0.001905304 -4.929311275 -0.004335871 -0.001895365 0.999988794 317.923614502
0.999983430 -0.003088307 0.004882792 -0.164128825 0.003086133 0.999995112 0.000452793 -4.953094006 -0.004884167 -0.000437716 0.999987960 319.527069092
0.999976218 -0.004556116 0.005184983 -0.168137267 0.004552253 0.999989390 0.000756589 -4.978979588 -0.005188375 -0.000732968 0.999986291 321.138000488
0.999972641 -0.004604008 0.005805422 -0.172310039 0.004597976 0.999988854 0.001052016 -5.006875038 -0.005810201 -0.001025293 0.999982595 322.718322754
0.999970496 -0.004311480 0.006358820 -0.168763116 0.004305597 0.999990404 0.000938364 -5.029914379 -0.006362803 -0.000910958 0.999979317 324.340209961
0.999974012 -0.003235770 0.006439566 -0.162935227 0.003236701 0.999994755 -0.000134117 -5.050879955 -0.006439098 0.000154957 0.999979198 325.965362549
0.999969363 -0.002103390 0.007537420 -0.169079140 0.002107117 0.999997675 -0.000486546 -5.087938309 -0.007536379 0.000502414 0.999971449 327.554779053
0.999961972 -0.003685684 0.007903657 -0.158752680 0.003674648 0.999992311 0.001410409 -5.114444733 -0.007908793 -0.001381312 0.999967754 329.194885254
0.999955237 -0.004369747 0.008384090 -0.150841504 0.004350049 0.999987721 0.002366231 -5.142476082 -0.008394326 -0.002329654 0.999961972 330.764526367
0.999952018 -0.005468035 0.008129624 -0.135881409 0.005460468 0.999984562 0.000952745 -5.166902542 -0.008134709 -0.000908308 0.999966502 332.390411377
0.999960423 -0.004125398 0.007897872 -0.124221608 0.004118049 0.999991059 0.000946518 -5.189975262 -0.007901709 -0.000913957 0.999968410 334.026855469
0.999964297 -0.002505611 0.008071510 -0.136745065 0.002513298 0.999996424 -0.000942335 -5.224015236 -0.008069119 0.000962587 0.999966979 335.588684082
0.999970794 -0.000462922 0.007627382 -0.134722188 0.000493113 0.999992013 -0.003956737 -5.252092361 -0.007625489 0.003960382 0.999963105 337.193664551
0.999976516 0.000789286 0.006823969 -0.135733485 -0.000765089 0.999993443 -0.003547744 -5.284473896 -0.006826726 0.003542440 0.999970436 338.799102783
0.999980569 0.001751430 0.005976104 -0.135007530 -0.001751925 0.999998391 0.000077644 -5.317965031 -0.005975958 -0.000088112 0.999982119 340.396545410
0.999985814 0.002518084 0.004699505 -0.134778261 -0.002533015 0.999991715 0.003173845 -5.348218918 -0.004691474 -0.003185704 0.999983907 341.999176025
0.999989212 0.003126115 0.003429635 -0.133390754 -0.003132091 0.999993563 0.001738593 -5.372117996 -0.003424178 -0.001749316 0.999992609 343.604309082
0.999994457 0.002849863 0.001710307 -0.138098612 -0.002849732 0.999995947 -0.000078737 -5.395021915 -0.001710524 0.000073863 0.999998450 345.192871094
0.999998689 0.001628057 -0.000162724 -0.138783157 -0.001627842 0.999997914 0.001314088 -5.422326565 0.000164863 -0.001313822 0.999999106 346.791717529
0.999999285 0.000280366 -0.001192170 -0.145281240 -0.000278276 0.999998450 0.001752928 -5.450026035 0.001192659 -0.001752595 0.999997795 348.384033203
0.999998748 -0.000119200 -0.001553956 -0.154487565 0.000120877 0.999999404 0.001078987 -5.475225449 0.001553827 -0.001079174 0.999998212 349.986938477
0.999997199 -0.001150024 -0.002065028 -0.159522668 0.001150248 0.999999344 0.000107247 -5.500629425 0.002064903 -0.000109622 0.999997854 351.585266113
0.999997079 -0.001322612 -0.002011181 -0.171103895 0.001322236 0.999999106 -0.000188279 -5.524868965 0.002011428 0.000185619 0.999997973 353.173431396
0.999995470 -0.001939655 -0.002281111 -0.180009887 0.001938518 0.999997973 -0.000500677 -5.550168514 0.002282077 0.000496252 0.999997258 354.758850098
0.999995947 -0.002001345 -0.002008121 -0.190619275 0.001998790 0.999997139 -0.001273697 -5.577747345 0.002010664 0.001269678 0.999997199 356.364471436
0.999994874 -0.002497284 -0.002005299 -0.202392116 0.002493601 0.999995351 -0.001836706 -5.605936050 0.002009876 0.001831696 0.999996305 357.964355469
0.999993682 -0.002965541 -0.001954477 -0.212596282 0.002962083 0.999994099 -0.001769753 -5.632245541 0.001959714 0.001763952 0.999996543 359.551788330
0.999991775 -0.003367647 -0.002257335 -0.214296073 0.003363081 0.999992311 -0.002023355 -5.671124458 0.002264132 0.002015747 0.999995410 361.151580811
0.999986529 -0.004788502 -0.002002143 -0.228022024 0.004781484 0.999982417 -0.003495239 -5.698944569 0.002018844 0.003485619 0.999991834 362.731781006
0.999978364 -0.006286813 -0.001943590 -0.236814976 0.006283611 0.999978840 -0.001649080 -5.729770660 0.001953917 0.001636832 0.999996722 364.322052002
0.999965906 -0.007878523 -0.002506521 -0.234832928 0.007875849 0.999968410 -0.001075181 -5.757175446 0.002514912 0.001055404 0.999996305 365.917327881
0.999964297 -0.008225065 -0.002007087 -0.243123770 0.008221147 0.999964297 -0.001952013 -5.786850929 0.002023072 0.001935443 0.999996066 367.508483887
0.999976158 -0.006788759 -0.001278244 -0.263465106 0.006785102 0.999972939 -0.002844217 -5.808256626 0.001297519 0.002835477 0.999995112 369.126373291
0.999980927 -0.006062423 -0.001200264 -0.270118624 0.006060523 0.999980390 -0.001580127 -5.849672794 0.001209821 0.001572822 0.999998033 370.707977295
0.999990880 -0.004213650 -0.000699762 -0.284494996 0.004212903 0.999990523 -0.001066642 -5.871474266 0.000704250 0.001063684 0.999999225 372.309387207
0.999988258 -0.004829262 -0.000362857 -0.289871812 0.004828981 0.999988019 -0.000771524 -5.910215378 0.000366578 0.000769763 0.999999642 373.893829346
0.999989271 -0.004636649 0.000132862 -0.311701775 0.004636884 0.999987543 -0.001836446 -5.931521416 -0.000124346 0.001837043 0.999998331 375.485382080
0.999989390 -0.004603608 0.000001606 -0.308694810 0.004603604 0.999988139 -0.001592207 -5.972423077 0.000005724 0.001592198 0.999998689 377.097869873
0.999989927 -0.004491930 0.000313294 -0.307674408 0.004492417 0.999988675 -0.001573616 -6.002106667 -0.000306222 0.001575008 0.999998689 378.719055176
0.999996722 -0.002435034 0.000717027 -0.324073732 0.002436436 0.999995112 -0.001962176 -6.022649765 -0.000712245 0.001963917 0.999997735 380.321868896
0.999998927 -0.000609313 0.001355853 -0.331481785 0.000611339 0.999998748 -0.001494017 -6.050454617 -0.001354941 0.001494845 0.999997914 381.924499512
0.999998212 0.000874289 0.001749423 -0.347998470 -0.000869918 0.999996424 -0.002497525 -6.076342583 -0.001751600 0.002495998 0.999995351 383.559173584
