1.000000119 0.000000000 0.000000000 -0.000000000 0.000000000 1.000000000 -0.000000000 -0.000000060 0.000000000 -0.000000000 1.000000000 0.000000000
0.999997854 -0.001586795 -0.001427381 -0.002365484 0.001585422 0.999998271 -0.000962542 -0.007119060 0.001428906 0.000960277 0.999998510 0.564610064
0.999995708 -0.001785572 -0.002374047 -0.007987910 0.001779388 0.999995053 -0.002604434 -0.017966289 0.002378686 0.002600198 0.999993801 1.119456172
0.999987304 -0.002530346 -0.004387002 -0.011787700 0.002514846 0.999990582 -0.003535054 -0.035715129 0.004395906 0.003523976 0.999984145 1.679189324
0.999970853 -0.004189162 -0.006403401 -0.017942172 0.004153420 0.999975801 -0.005584668 -0.040868763 0.006426641 0.005557908 0.999963880 2.252197504
0.999947667 -0.006834225 -0.007614743 -0.027608493 0.006778876 0.999950528 -0.007270857 -0.060517494 0.007664057 0.007218856 0.999944568 2.790206671
0.999926388 -0.008050948 -0.009080961 -0.035024576 0.007978681 0.999936402 -0.007966354 -0.072070703 0.009144523 0.007893312 0.999926984 3.361695766
0.999911249 -0.008150489 -0.010545653 -0.045208681 0.008073988 0.999940932 -0.007276470 -0.084992424 0.010604337 0.007190678 0.999917865 3.944855928
0.999898374 -0.008538806 -0.011425258 -0.058353078 0.008451258 0.999934673 -0.007689170 -0.099504195 0.011490169 0.007591831 0.999905109 4.533383369
0.999888897 -0.007904647 -0.012640042 -0.067992255 0.007771693 0.999914408 -0.010533197 -0.113936871 0.012722220 0.010433794 0.999864519 5.126143932
0.999886870 -0.006141608 -0.013732051 -0.085257858 0.005943665 0.999878347 -0.014409353 -0.128524736 0.013818879 0.014326105 0.999801815 5.727986813
0.999872684 -0.005068988 -0.015135635 -0.098518908 0.004796855 0.999827027 -0.017962201 -0.142021507 0.015224067 0.017887307 0.999724090 6.342078209
0.999860108 -0.003183722 -0.016422393 -0.113340057 0.002889376 0.999835312 -0.017916290 -0.156912774 0.016476726 0.017866336 0.999704599 6.973382473
0.999843419 -0.000982202 -0.017665144 -0.130170539 0.000786680 0.999938309 -0.011071809 -0.167003304 0.017674929 0.011056177 0.999782681 7.607868671
0.999837399 0.000163929 -0.018035781 -0.149914205 -0.000173449 0.999999821 -0.000526332 -0.180138335 0.018035691 0.000529372 0.999837220 8.265292168
0.999820888 0.000876284 -0.018905554 -0.169546321 -0.000760063 0.999980807 0.006153770 -0.191419110 0.018910581 -0.006138300 0.999802411 8.953177452
0.999787211 0.003412233 -0.020341791 -0.187240779 -0.003308722 0.999981344 0.005120077 -0.206996828 0.020358885 -0.005051686 0.999779999 9.645636559
0.999767363 0.005183534 -0.020939125 -0.215502515 -0.005227820 0.999984205 -0.002060843 -0.213433787 0.020928113 0.002169830 0.999778628 10.322108269
0.999748290 0.004692758 -0.021942027 -0.237699032 -0.004864055 0.999958158 -0.007759999 -0.217719138 0.021904690 0.007864772 0.999729037 11.032074928
0.999729037 0.002349342 -0.023161298 -0.253144771 -0.002499318 0.999976158 -0.006448475 -0.216393083 0.023145594 0.006504614 0.999710917 11.768759727
0.999723256 0.001557275 -0.023477471 -0.274031967 -0.001497010 0.999995589 0.002584238 -0.221732855 0.023481391 -0.002548376 0.999721050 12.527240753
0.999711931 0.001705258 -0.023940833 -0.302223593 -0.001458170 0.999945521 0.010334457 -0.234982371 0.023957154 -0.010296572 0.999659956 13.312015533
0.999702990 0.000743611 -0.024359457 -0.323322177 -0.000428029 0.999915898 0.012957875 -0.238230929 0.024367047 -0.012943599 0.999619305 14.095723152
0.999701440 -0.000861462 -0.024419738 -0.345183551 0.001146880 0.999931097 0.011676385 -0.237216279 0.024408001 -0.011700906 0.999633551 14.897684097
0.999715090 -0.001280023 -0.023836700 -0.373328805 0.001504739 0.999954581 0.009411753 -0.238821417 0.023823574 -0.009444939 0.999671519 15.735849380
0.999722123 0.001148636 -0.023544960 -0.396736592 -0.001009613 0.999981880 0.005915607 -0.236819029 0.023551334 -0.005890192 0.999705255 16.574726105
0.999742329 -0.002170463 -0.022594709 -0.414830059 0.002176115 0.999997616 0.000225528 -0.240767747 0.022594163 -0.000274639 0.999744654 17.417898178
0.999748528 -0.004952902 -0.021869881 -0.431282580 0.004822655 0.999970436 -0.006004286 -0.250222474 0.021898966 0.005897305 0.999742806 18.288286209
0.999770761 -0.003664053 -0.021093626 -0.449973792 0.003421592 0.999927759 -0.011519154 -0.262589723 0.021134306 0.011444339 0.999711096 19.180791855
0.999780238 -0.002066331 -0.020857977 -0.477157056 0.001811281 0.999923408 -0.012239428 -0.280458063 0.020881668 0.012198959 0.999707520 20.093194962
0.999773741 -0.002313492 -0.021145565 -0.504049599 0.002066032 0.999929249 -0.011717037 -0.299301177 0.021171171 0.011670700 0.999707699 21.037340164
0.999772906 -0.001204266 -0.021277219 -0.513646901 0.000920204 0.999910414 -0.013355273 -0.320161045 0.021291396 0.013332661 0.999684393 21.970216751
0.999771357 0.001466496 -0.021332115 -0.538732290 -0.001795007 0.999879956 -0.015388796 -0.340622038 0.021306988 0.015423569 0.999654055 22.923423767
0.999756694 0.005110653 -0.021460515 -0.570245922 -0.005459856 0.999853075 -0.016244948 -0.363105893 0.021374343 0.016358163 0.999637723 23.889099121
0.999755085 0.007155946 -0.020941636 -0.613805711 -0.007495785 0.999840736 -0.016194638 -0.392238289 0.020822413 0.016347647 0.999649525 24.864507675
0.999742389 0.007788619 -0.021326810 -0.627293885 -0.008134825 0.999835670 -0.016194895 -0.424480766 0.021197170 0.016364207 0.999641418 25.838745117
0.999745131 0.007722644 -0.021216193 -0.656247914 -0.008064463 0.999838233 -0.016073337 -0.451606065 0.021088636 0.016240336 0.999645770 26.832550049
0.999720037 0.008625687 -0.022035038 -0.679425180 -0.008954354 0.999849439 -0.014860786 -0.480096668 0.021903535 0.015053933 0.999646783 27.839071274
0.999724686 0.009610072 -0.021406965 -0.722837925 -0.009889576 0.999866664 -0.012989406 -0.507170618 0.021279285 0.013197534 0.999686420 28.842178345
0.999711394 0.010338625 -0.021687057 -0.752698004 -0.010596564 0.999873996 -0.011812707 -0.535558164 0.021562204 0.012039106 0.999695003 29.863159180
0.999709189 0.010041890 -0.021926371 -0.778664708 -0.010319810 0.999867380 -0.012599060 -0.566854954 0.021796945 0.012821670 0.999680221 30.887132645
0.999681294 0.011753424 -0.022343041 -0.789222717 -0.012065944 0.999830425 -0.013904575 -0.590548396 0.022175828 0.014169731 0.999653697 31.920743942
0.999677062 0.011291759 -0.022763727 -0.816817999 -0.011583939 0.999851584 -0.012744614 -0.620267630 0.022616442 0.013004190 0.999659657 32.957660675
0.999671757 0.010795031 -0.023234226 -0.847404063 -0.011036986 0.999885857 -0.010310911 -0.644154608 0.023120267 0.010563961 0.999676883 34.011302948
0.999660552 0.010830734 -0.023695892 -0.868123531 -0.010992847 0.999916971 -0.006721801 -0.672568500 0.023621121 0.006980004 0.999696612 35.061820984
0.999648392 0.011175510 -0.024045395 -0.901936829 -0.011285284 0.999926388 -0.004434478 -0.694020748 0.023994070 0.004704278 0.999701023 36.124004364
0.999638379 0.010575021 -0.024720376 -0.929282904 -0.010663413 0.999937177 -0.003446681 -0.722201228 0.024682375 0.003709038 0.999688447 37.190055847
0.999613166 0.010250300 -0.025857793 -0.931921303 -0.010386068 0.999932826 -0.005121790 -0.743617594 0.025803560 0.005388369 0.999652445 38.270431519
0.999586046 0.010774703 -0.026681488 -0.966146886 -0.010932390 0.999923527 -0.005771169 -0.761527956 0.026617264 0.006060472 0.999627352 39.349258423
0.999575794 0.010428616 -0.027195619 -1.007983685 -0.010552417 0.999934554 -0.004412743 -0.784622312 0.027147816 0.004697850 0.999620438 40.428318024
0.999551892 0.010702409 -0.027957544 -1.046238780 -0.010780095 0.999938309 -0.002629515 -0.802977085 0.027927680 0.002929721 0.999605656 41.527381897
0.999475121 0.009551161 -0.030956168 -0.996580243 -0.009530669 0.999954224 0.000809440 -0.853779376 0.030962482 -0.000513983 0.999520361 42.756095886
0.999440610 0.010987280 -0.031588197 -1.033030272 -0.010971294 0.999939561 0.000679380 -0.873347342 0.031593751 -0.000332437 0.999500692 43.832397461
0.999422669 0.012250717 -0.031688858 -1.083731890 -0.012360034 0.999918282 -0.003256174 -0.893680573 0.031646378 0.003645968 0.999492347 44.905395508
0.999404907 0.013538267 -0.031725317 -1.124316931 -0.013769855 0.999879956 -0.007092677 -0.913782001 0.031625487 0.007525309 0.999471366 45.990074158
0.999441504 0.013687360 -0.030487312 -1.190590620 -0.013927494 0.999873459 -0.007678051 -0.934935629 0.030378368 0.008098373 0.999505699 47.040237427
0.999443769 0.014373192 -0.030095587 -1.231385469 -0.014529690 0.999881923 -0.004987812 -0.957821548 0.030020345 0.005422316 0.999534667 48.122497559
0.999432027 0.015149317 -0.030105265 -1.271228909 -0.015240456 0.999879956 -0.002800198 -0.982151568 0.030059230 0.003257425 0.999542832 49.210510254
0.999450624 0.014026646 -0.030033097 -1.309646845 -0.014091525 0.999898791 -0.001949686 -1.000354171 0.030002709 0.002371828 0.999547005 50.292709351
0.999451041 0.013974640 -0.030037822 -1.344396472 -0.014052317 0.999898434 -0.002376537 -1.032048941 0.030001560 0.002797334 0.999545932 51.401794434
0.999475300 0.012931253 -0.029698335 -1.380357981 -0.013063250 0.999905586 -0.004254943 -1.048998594 0.029640513 0.004640667 0.999549866 52.488494873
0.999462962 0.013331952 -0.029934620 -1.409107804 -0.013532317 0.999887347 -0.006500871 -1.073572516 0.029844580 0.006902465 0.999530733 53.588855743
0.999499500 0.012493280 -0.029063037 -1.460486054 -0.012760899 0.999877632 -0.009041102 -1.101541638 0.028946530 0.009407447 0.999536693 54.661628723
0.999521315 0.011328547 -0.028789593 -1.495226860 -0.011682569 0.999857783 -0.012158595 -1.135609150 0.028647760 0.012489109 0.999511540 55.736736298
0.999544501 0.009799460 -0.028544188 -1.525834084 -0.010205324 0.999848247 -0.014108023 -1.164762735 0.028401610 0.014392897 0.999493003 56.816108704
0.999569952 0.007994433 -0.028216854 -1.566469312 -0.008320419 0.999899685 -0.011454441 -1.198623776 0.028122453 0.011684290 0.999536216 57.924148560
0.999591410 0.006688815 -0.027792742 -1.604288101 -0.006847390 0.999960721 -0.005614416 -1.222905159 0.027754096 0.005802428 0.999597967 59.016670227
0.999607742 0.005653431 -0.027436528 -1.639211893 -0.005646270 0.999983907 0.000338451 -1.248049498 0.027438002 -0.000183406 0.999623477 60.107471466
0.999612272 0.003432517 -0.027632993 -1.663965344 -0.003410150 0.999993742 0.000856516 -1.265617251 0.027635762 -0.000761952 0.999617755 61.192352295
0.999611318 0.000118839 -0.027879678 -1.688337564 -0.000181779 0.999997437 -0.002255092 -1.280684948 0.027879339 0.002259283 0.999608696 62.287300110
0.999618292 -0.001401819 -0.027593186 -1.727095842 0.001251948 0.999984384 -0.005448032 -1.299829125 0.027600393 0.005411407 0.999604344 63.374446869
0.999625266 0.001421111 -0.027339248 -1.768659353 -0.001672402 0.999956548 -0.009170900 -1.337236762 0.027325027 0.009213185 0.999584138 64.457092285
0.999623001 0.001460093 -0.027420390 -1.800341010 -0.001834376 0.999905407 -0.013629618 -1.360457063 0.027397897 0.013674778 0.999531031 65.549705505
0.999635935 0.004723312 -0.026569951 -1.841681004 -0.005103614 0.999885201 -0.014263656 -1.390749693 0.026499532 0.014394063 0.999545157 66.636627197
0.999639750 0.008689154 -0.025395392 -1.898242474 -0.008964322 0.999902070 -0.010741622 -1.420290947 0.025299570 0.010965404 0.999619782 67.743423462
0.999637306 0.010002665 -0.025005545 -1.935660124 -0.010219960 0.999910951 -0.008577207 -1.448434472 0.024917524 0.008829650 0.999650478 68.836433411
0.999644101 0.009031995 -0.025102725 -1.967665315 -0.009227127 0.999927998 -0.007668489 -1.474263668 0.025031654 0.007897384 0.999655485 69.936523438
0.999649107 0.008001898 -0.025254430 -1.994654894 -0.008184099 0.999941111 -0.007119428 -1.500854254 0.025195979 0.007323614 0.999655724 71.032478333
0.999651849 0.006925997 -0.025462402 -2.026891947 -0.007069303 0.999959648 -0.005542445 -1.530796528 0.025422988 0.005720517 0.999660432 72.121231079
0.999657393 0.005131139 -0.025669349 -2.061120749 -0.005220635 0.999980509 -0.003420696 -1.554545760 0.025651297 0.003553534 0.999664605 73.225166321
0.999642015 0.004515558 -0.026373284 -2.096470833 -0.004566601 0.999987781 -0.001875513 -1.581274509 0.026364492 0.001995278 0.999650359 74.320129395
0.999640405 0.004024070 -0.026513519 -2.135336876 -0.004101666 0.999987483 -0.002872927 -1.607920647 0.026501624 0.002980643 0.999644339 75.408691406
0.999615014 0.003972889 -0.027460918 -2.166214943 -0.004160547 0.999968350 -0.006779866 -1.632686615 0.027433112 0.006891509 0.999599874 76.489006042
0.999582887 0.004722598 -0.028493192 -2.196441412 -0.004973962 0.999949217 -0.008757467 -1.658938646 0.028450387 0.008895539 0.999555588 77.573219299
0.999565542 0.006694885 -0.028705915 -2.241450548 -0.006902121 0.999950707 -0.007126291 -1.685255527 0.028656794 0.007321326 0.999562502 78.650184631
0.999544680 0.007698660 -0.029178586 -2.280083656 -0.007787642 0.999965310 -0.002937090 -1.706924915 0.029154966 0.003162983 0.999569893 79.726669312
0.999519587 0.008658658 -0.029760439 -2.319631577 -0.008623409 0.999961972 0.001312457 -1.736514449 0.029770667 -0.001055190 0.999556184 80.804252625
0.999485791 0.009911504 -0.030496996 -2.358760834 -0.009857303 0.999949574 0.001926997 -1.754493833 0.030514555 -0.001625388 0.999533057 81.874732971
0.999474585 0.009769061 -0.030905433 -2.399086952 -0.009782661 0.999952137 -0.000288892 -1.770626664 0.030901130 0.000591077 0.999522209 82.941787720
0.999467313 0.009675450 -0.031169493 -2.444037199 -0.009715708 0.999952078 -0.001140353 -1.792908907 0.031156965 0.001442580 0.999513447 84.018547058
0.999457300 0.009033839 -0.031678203 -2.480538845 -0.009077147 0.999957979 -0.001223578 -1.815626621 0.031665821 0.001510462 0.999497294 85.070327759
0.999440074 0.007709505 -0.032562200 -2.516877174 -0.007742630 0.999969721 -0.000891279 -1.834902406 0.032554347 0.001142897 0.999469280 86.115676880
0.999425054 0.006939303 -0.033187915 -2.550550699 -0.006925805 0.999975860 0.000521636 -1.862573028 0.033190731 -0.000291483 0.999448955 87.144447327
0.999419928 0.007244778 -0.033278205 -2.593817949 -0.007141486 0.999969184 0.003221707 -1.882764459 0.033300519 -0.002982182 0.999440908 88.147651672
0.999382377 0.005995205 -0.034625735 -2.629703760 -0.005843473 0.999972820 0.004481561 -1.907304168 0.034651659 -0.004276460 0.999390304 89.124290466
0.999312997 0.004990801 -0.036724381 -2.672226667 -0.004832881 0.999978662 0.004387686 -1.920451403 0.036745496 -0.004207188 0.999315798 90.094657898
0.999187171 0.004221194 -0.040090624 -2.713108778 -0.004074300 0.999984622 0.003745044 -1.942015648 0.040105827 -0.003578658 0.999189019 91.027931213
0.999055803 0.003907044 -0.043269299 -2.760535479 -0.003807564 0.999989927 0.002381262 -1.955977321 0.043278161 -0.002214264 0.999060631 91.950401306
0.998905718 0.003680511 -0.046624281 -2.805546522 -0.003537802 0.999988794 0.003142964 -1.977222562 0.046635326 -0.002974577 0.998907566 92.843078613
0.998751879 0.004772717 -0.049719304 -2.855797052 -0.004573293 0.999981046 0.004123980 -1.993834972 0.049738035 -0.003891452 0.998754740 93.707618713
0.998597741 0.005639709 -0.052638579 -2.910050631 -0.005364611 0.999971330 0.005365956 -2.011080503 0.052667331 -0.005076046 0.998599231 94.550674438
0.998425007 0.006938867 -0.055672400 -2.961069822 -0.006568720 0.999955118 0.006828893 -2.024260283 0.055717289 -0.006452441 0.998425782 95.368927002
0.998268366 0.008530850 -0.058203671 -3.017895222 -0.008105012 0.999938667 0.007548479 -2.037226677 0.058264501 -0.007063665 0.998276114 96.155044556
0.998102248 0.010472870 -0.060681187 -3.073212147 -0.009992031 0.999916315 0.008222044 -2.057137251 0.060762215 -0.007600112 0.998123348 96.919662476
0.997896254 0.012292063 -0.063655138 -3.123938084 -0.011865651 0.999904573 0.007072464 -2.070915222 0.063735999 -0.006302277 0.997946858 97.649421692
0.997733295 0.013693653 -0.065883905 -3.184119701 -0.013496207 0.999903083 0.003441021 -2.089325428 0.065924637 -0.002544040 0.997821391 98.342910767
0.997522116 0.016419888 -0.068410210 -3.242254019 -0.016474139 0.999864340 -0.000228925 -2.100484371 0.068397172 0.001355356 0.997657239 99.012069702
0.997337282 0.017900156 -0.070695721 -3.286480188 -0.018149305 0.999831021 -0.002883404 -2.118605375 0.070632182 0.004158804 0.997493744 99.660423279
0.997229755 0.019931857 -0.071662776 -3.335214853 -0.020260010 0.999787331 -0.003855152 -2.132307053 0.071570687 0.005296361 0.997421503 100.275329590
0.997256219 0.022340970 -0.070574522 -3.389678955 -0.022640813 0.999737680 -0.003451441 -2.146700144 0.070478894 0.005039836 0.997500539 100.861389160
0.997427762 0.025977986 -0.066805542 -3.453747749 -0.026175372 0.999655128 -0.002080831 -2.159343481 0.066728450 0.003824138 0.997763813 101.428413391
0.997651875 0.028661104 -0.062203910 -3.473479509 -0.028748965 0.999586523 -0.000517740 -2.176529169 0.062163349 0.002304822 0.998063326 101.969512939
0.998081267 0.029342717 -0.054522667 -3.505905151 -0.029295376 0.999569356 0.001667469 -2.192862988 0.054548122 -0.000067009 0.998511136 102.486068726
0.998570204 0.029376719 -0.044662148 -3.530168533 -0.029216612 0.999564111 0.004233516 -2.206161261 0.044767048 -0.002922587 0.998993218 102.986869812
0.999022961 0.029087730 -0.033271600 -3.526880264 -0.028920854 0.999566615 0.005485977 -2.219044209 0.033416752 -0.004518375 0.999431193 103.469154358
0.999407530 0.028154677 -0.019795347 -3.527601004 -0.028048856 0.999590755 0.005603333 -2.229312658 0.019945007 -0.005044777 0.999788284 103.927581787
0.999595642 0.028070649 -0.004558986 -3.523281097 -0.028049789 0.999596059 0.004576940 -2.238990068 0.004685622 -0.004447210 0.999979138 104.365074158
0.999558389 0.026644660 0.013164978 -3.498061180 -0.026665488 0.999643385 0.001408858 -2.249020815 -0.013122741 -0.001759286 0.999912322 104.788208008
0.999058425 0.026282506 0.034519389 -3.471939325 -0.026190439 0.999652088 -0.003116759 -2.261038542 -0.034589287 0.002209747 0.999399185 105.208061218
0.997991800 0.024060324 0.058595989 -3.423493147 -0.023622975 0.999687791 -0.008145208 -2.269701481 -0.058773670 0.006744638 0.998248518 105.611167908
0.996057689 0.021927599 0.085955828 -3.366648197 -0.021051923 0.999716938 -0.011080892 -2.280623674 -0.086174466 0.009227670 0.996237338 106.021644592
0.993123233 0.019127389 0.115500696 -3.293724298 -0.017863927 0.999768794 -0.011964326 -2.294832945 -0.115702823 0.009818754 0.993235290 106.404685974
0.988854885 0.016244350 0.147994101 -3.212841272 -0.014362768 0.999802053 -0.013773785 -2.313405752 -0.148188516 0.011494667 0.988892317 106.748260498
0.982810736 0.013885406 0.184093416 -3.116773605 -0.011315647 0.999823391 -0.015002259 -2.330142975 -0.184269205 0.012661245 0.982794225 107.120948792
0.974925339 0.010626091 0.222278461 -2.998901606 -0.007246364 0.999845445 -0.016014978 -2.340142250 -0.222414300 0.014002697 0.974851727 107.483932495
0.964855373 0.008678534 0.262638241 -2.877187252 -0.004405508 0.999848247 -0.016854130 -2.354880810 -0.262744665 0.015104742 0.964747190 107.831581116
0.952555716 0.009235715 0.304224133 -2.745682001 -0.004061699 0.999836147 -0.017635697 -2.374234676 -0.304337204 0.015563319 0.952437222 108.154434204
0.937287748 0.011157735 0.348378032 -2.603392363 -0.005093248 0.999819219 -0.018318830 -2.386357546 -0.348519444 0.015395639 0.937175095 108.472656250
0.919652700 0.011549817 0.392562866 -2.426876545 -0.005126869 0.999835253 -0.017406078 -2.395783424 -0.392699271 0.013994928 0.919560432 108.790565491
0.899214566 0.010243131 0.437387884 -2.248679399 -0.003506712 0.999862373 -0.016206292 -2.406908035 -0.437493742 0.013039141 0.899126887 109.100372314
0.875990927 0.009356847 0.482237041 -2.057166100 -0.001460445 0.999858677 -0.016747342 -2.419999123 -0.482325584 0.013966236 0.875880718 109.375198364
0.850716591 0.009574330 0.525537491 -1.845643401 -0.000010695 0.999834359 -0.018197833 -2.445089579 -0.525624633 0.015475580 0.850575805 109.656028748
0.822756112 0.011786940 0.568272352 -1.625530481 0.000665982 0.999764204 -0.021701042 -2.460359812 -0.568394125 0.018233124 0.822554290 109.925399780
0.791607976 0.016282782 0.610812366 -1.391836405 -0.000654554 0.999666810 -0.025800409 -2.477383137 -0.611029029 0.020023998 0.791354895 110.192955017
0.757767975 0.022479430 0.652136743 -1.140006304 -0.004273522 0.999555767 -0.029489379 -2.491235733 -0.652510047 0.019559188 0.757527530 110.438484192
0.720255077 0.027606705 0.693159878 -0.863621652 -0.005645256 0.999408007 -0.033937827 -2.487512350 -0.693686426 0.020530824 0.719984531 110.692207336
0.681420028 0.027870709 0.731361747 -0.570180833 -0.004015715 0.999401987 -0.034343686 -2.509318829 -0.731881499 0.020465538 0.681124508 110.906196594
0.640751243 0.025373520 0.767329156 -0.256792605 -0.000534208 0.999468148 -0.032603648 -2.527950048 -0.767748356 0.020480916 0.640424013 111.101364136
0.599141061 0.023132436 0.800309181 0.069706813 0.002471120 0.999524295 -0.030740598 -2.527789593 -0.800639570 0.020395620 0.598799050 111.248886108
0.552922130 0.021587508 0.832953274 0.412945539 0.003888769 0.999586523 -0.028487517 -2.535264969 -0.833223879 0.018990543 0.552609503 111.433975220
0.505144119 0.019109398 0.862823427 0.766207993 0.005276119 0.999667704 -0.025229091 -2.550243139 -0.863018930 0.017296683 0.504875302 111.593742371
0.454404265 0.015241828 0.890665174 1.134052873 0.008218892 0.999739289 -0.021301555 -2.565010309 -0.890757680 0.016999798 0.454160392 111.740127563
0.401978135 0.015486860 0.915518343 1.498397470 0.004821326 0.999807298 -0.019029597 -2.583413601 -0.915636539 0.012063493 0.401825935 111.875106812
0.350976616 0.020688983 0.936155617 1.878868818 0.001407861 0.999743104 -0.022622086 -2.596703053 -0.936383128 0.009257798 0.350857288 111.980911255
0.300589681 0.025584530 0.953410327 2.267700434 0.001240982 0.999628723 -0.027216051 -2.609358788 -0.953752697 0.009364028 0.300446361 112.069030762
0.254091740 0.027809175 0.966780186 2.666197538 0.002693048 0.999562383 -0.029459937 -2.620283365 -0.967176318 0.010089112 0.253905624 112.137863159
0.213026941 0.027333973 0.976663828 3.092635393 0.010051065 0.999494433 -0.030165240 -2.640466213 -0.976994514 0.016242519 0.212644458 112.190536499
0.177994713 0.026867265 0.983664572 3.531495333 0.018842563 0.999350846 -0.030705286 -2.656425476 -0.983851016 0.024000138 0.177372888 112.230903625
0.147545442 0.028176893 0.988653779 3.979325056 0.023287199 0.999218047 -0.031953327 -2.667814732 -0.988781035 0.027737545 0.146773905 112.271232605
0.119748674 0.027036289 0.992435992 4.454601765 0.021092454 0.999334216 -0.029769257 -2.678272247 -0.992580116 0.024497734 0.119098641 112.315361023
0.093839236 0.023589412 0.995307863 4.922103882 0.014755279 0.999576509 -0.025081733 -2.697727442 -0.995477915 0.017039696 0.093451411 112.361679077
0.070023537 0.019412111 0.997356355 5.428200245 0.010237522 0.999743998 -0.020177348 -2.714466572 -0.997492790 0.011623350 0.069806874 112.390037537
0.047411565 0.017031183 0.998730183 5.947705269 0.014233146 0.999741614 -0.017724104 -2.732523441 -0.998773992 0.015055402 0.047156908 112.397697449
0.027201615 0.017552232 0.999475837 6.481564999 0.022488672 0.999582052 -0.018166145 -2.752895832 -0.999376953 0.022971036 0.026795512 112.386177063
0.009692062 0.020144969 0.999750078 7.032524109 0.027252445 0.999420404 -0.020402525 -2.770473242 -0.999581456 0.027443377 0.009137444 112.371330261
-0.004403761 0.025733892 0.999659121 7.646049976 0.027625401 0.999290407 -0.025602704 -2.777927399 -0.999608636 0.027503237 -0.005111544 112.372673035
-0.015222899 0.030465201 0.999419928 8.244769096 0.025285196 0.999227822 -0.030074203 -2.789588690 -0.999564409 0.024812710 -0.015981460 112.364860535
-0.022158621 0.029883699 0.999307752 8.863264084 0.026760697 0.999212682 -0.029287471 -2.814001560 -0.999396265 0.026093202 -0.022940887 112.355140686
-0.024518017 0.026691213 0.999342978 9.506074905 0.033387605 0.999107659 -0.025865793 -2.833466053 -0.999141753 0.032731492 -0.025387295 112.327964783
-0.023669943 0.025295530 0.999399722 10.156580925 0.035262723 0.999078870 -0.024452241 -2.853473425 -0.999097705 0.034662776 -0.024540132 112.301353455
-0.021742675 0.025054831 0.999449551 10.831440926 0.034009036 0.999125838 -0.024306864 -2.873707771 -0.999184966 0.033461824 -0.022575764 112.290344238
-0.020423118 0.025418891 0.999468267 11.517599106 0.030518848 0.999226809 -0.024789125 -2.896046400 -0.999325514 0.029996352 -0.021183083 112.289093018
-0.018934576 0.026547244 0.999468207 12.225996971 0.029678233 0.999221861 -0.025978455 -2.918683052 -0.999380171 0.029170562 -0.019707717 112.274581909
-0.018131807 0.027213518 0.999465168 12.952744484 0.029321410 0.999214113 -0.026674742 -2.943585873 -0.999405622 0.028822066 -0.018915493 112.267013550
-0.017451191 0.026952272 0.999484360 13.700571060 0.028723020 0.999237597 -0.026444102 -2.967719078 -0.999435127 0.028246731 -0.018212035 112.260490417
-0.016693639 0.025618838 0.999532580 14.451123238 0.027395342 0.999307990 -0.025155546 -2.995474815 -0.999485314 0.026962589 -0.017383926 112.248863220
-0.016297815 0.024459746 0.999568045 15.218965530 0.028259600 0.999312520 -0.023992732 -3.020305872 -0.999467850 0.027856361 -0.016977835 112.238945007
-0.016582441 0.021878220 0.999623120 16.003040314 0.029038664 0.999349356 -0.021390509 -3.054149389 -0.999440730 0.028673014 -0.017206967 112.222900391
-0.017879384 0.020131063 0.999637425 16.795692444 0.026458507 0.999456704 -0.019654186 -3.082192659 -0.999490023 0.026097514 -0.018402306 112.218681335
-0.019114064 0.019376554 0.999629557 17.588279724 0.025845841 0.999487579 -0.018879602 -3.101712465 -0.999483168 0.025475400 -0.019605070 112.204612732
-0.020364638 0.017004602 0.999648035 18.386903763 0.027839219 0.999477267 -0.016434561 -3.120523453 -0.999404967 0.027494736 -0.020827385 112.189559937
-0.021892745 0.015379621 0.999642074 19.199037552 0.029377025 0.999459743 -0.014733443 -3.144625187 -0.999328613 0.029043958 -0.022332726 112.175659180
-0.023218835 0.014317308 0.999627888 20.028045654 0.026913876 0.999544144 -0.013690962 -3.178412199 -0.999368012 0.026585976 -0.023593582 112.153892517
-0.024007505 0.019215589 0.999527097 20.856491089 0.023781201 0.999543369 -0.018644702 -3.197855234 -0.999428809 0.023322342 -0.024453510 112.140037537
-0.024718946 0.023862932 0.999409616 21.696546555 0.025333796 0.999408960 -0.023236323 -3.225143909 -0.999373376 0.024744462 -0.025308874 112.123466492
-0.025624905 0.025377212 0.999349415 22.531955719 0.025512032 0.999368787 -0.024723528 -3.255841970 -0.999346018 0.024861900 -0.026256153 112.095916748
-0.027475921 0.023227327 0.999352694 23.377777100 0.022047630 0.999500871 -0.022624601 -3.286497831 -0.999379277 0.021411721 -0.027974315 112.089614868
-0.028835060 0.019027444 0.999403000 24.226232529 0.018964028 0.999649286 -0.018484972 -3.316490412 -0.999404252 0.018419690 -0.029185785 112.077377319
-0.029251060 0.013358456 0.999482870 25.084314346 0.017235536 0.999768734 -0.012857858 -3.349836349 -0.999423444 0.016850512 -0.029474536 112.061096191
-0.029567420 0.008077033 0.999530137 25.917293549 0.013226388 0.999882936 -0.007688627 -3.371969223 -0.999475241 0.012992839 -0.029670792 112.045036316
-0.028685948 0.006541358 0.999567091 26.774129868 0.011259240 0.999917269 -0.006220527 -3.398729086 -0.999524951 0.011075924 -0.028757228 112.017692566
-0.028096596 0.013423010 0.999515116 27.608919144 0.013957220 0.999817669 -0.013034730 -3.424899340 -0.999507725 0.013584221 -0.028278813 111.999198914
-0.026654383 0.024402641 0.999346912 28.438810349 0.016479608 0.999576926 -0.023968719 -3.454701185 -0.999508798 0.015829975 -0.027045254 111.971092224
-0.026567221 0.029471401 0.999212503 29.273710251 0.018261351 0.999412835 -0.028991777 -3.480588675 -0.999480128 0.017476739 -0.027089808 111.958740234
-0.025275454 0.024188383 0.999387860 30.112142563 0.019550769 0.999527931 -0.023697317 -3.511407375 -0.999489188 0.018939838 -0.025736425 111.941177368
-0.023954371 0.016286926 0.999580443 30.942817688 0.022684373 0.999618649 -0.015743934 -3.548420668 -0.999455690 0.022297718 -0.024314694 111.914505005
-0.023431957 0.013573264 0.999633312 31.770597458 0.023920054 0.999629140 -0.013012510 -3.574255943 -0.999439359 0.023606373 -0.023747940 111.895851135
-0.023811795 0.014116690 0.999616861 32.594341278 0.022976024 0.999643922 -0.013569763 -3.600776911 -0.999452412 0.022644099 -0.024127658 111.884941101
-0.024699135 0.014979783 0.999582708 33.404953003 0.019333936 0.999707758 -0.014503933 -3.631534576 -0.999507964 0.018967630 -0.024981536 111.868835449
-0.026564514 0.015003642 0.999534488 34.211776733 0.017535113 0.999740481 -0.014540704 -3.656560183 -0.999493301 0.017140685 -0.026820710 111.850517273
-0.028748365 0.015068292 0.999473155 35.021034241 0.017245794 0.999744952 -0.014576341 -3.681322098 -0.999437928 0.016817663 -0.029000897 111.829109192
-0.030504147 0.014861661 0.999424160 35.823276520 0.015988287 0.999768794 -0.014378795 -3.712671518 -0.999406755 0.015540468 -0.030734707 111.804458618
-0.032910224 0.015473088 0.999338567 36.640731812 0.014047572 0.999788463 -0.015017442 -3.736164808 -0.999359667 0.013544053 -0.033120625 111.791793823
-0.034890022 0.014440893 0.999286890 37.426429749 0.012322105 0.999825776 -0.014018456 -3.767945290 -0.999315202 0.011824210 -0.035061877 111.769180298
-0.036922589 0.013318466 0.999229491 38.217151642 0.012695780 0.999836683 -0.012857438 -3.793803930 -0.999237537 0.012211263 -0.037085645 111.740303040
-0.038689170 0.013028670 0.999166429 38.995704651 0.011934424 0.999849677 -0.012575463 -3.825307846 -0.999180079 0.011437939 -0.038838845 111.709259033
-0.040566359 0.014219374 0.999075711 39.766300201 0.012220919 0.999830961 -0.013733906 -3.846227407 -0.999102175 0.011652486 -0.040733274 111.681617737
-0.041804988 0.014422956 0.999021649 40.553272247 0.012694212 0.999822617 -0.013903319 -3.871675491 -0.999045134 0.012100563 -0.041980661 111.655815125
-0.042586744 0.013219469 0.999005318 41.330162048 0.014738455 0.999811828 -0.012601856 -3.897265196 -0.998983979 0.014187122 -0.042773563 111.618896484
-0.044266585 0.012390800 0.998942971 42.100635529 0.014722886 0.999822497 -0.011749289 -3.924571037 -0.998911262 0.014187221 -0.044441160 111.589248657
-0.045815960 0.011663398 0.998881817 42.858192444 0.012968299 0.999854386 -0.011079934 -3.954259634 -0.998865724 0.012446159 -0.045960542 111.561363220
-0.046955671 0.010799174 0.998838603 43.609046936 0.011604063 0.999879837 -0.010264923 -3.972789288 -0.998829544 0.011108589 -0.047075350 111.528976440
-0.047803901 0.009835868 0.998808324 44.345127106 0.010492349 0.999901295 -0.009344455 -3.994705915 -0.998801589 0.010033143 -0.047902375 111.500610352
-0.048537504 0.009709308 0.998774111 45.062679291 0.010772627 0.999899685 -0.009196729 -4.016951084 -0.998763263 0.010313035 -0.048637222 111.470153809
-0.048294973 0.011897071 0.998762310 45.768871307 0.010670891 0.999878168 -0.011394375 -4.041971684 -0.998776078 0.010107394 -0.048416041 111.438957214
-0.048223123 0.015000507 0.998723924 46.475486755 0.010972369 0.999834836 -0.014487395 -4.065001965 -0.998776257 0.010259739 -0.048379753 111.406326294
-0.049096555 0.016527044 0.998657286 47.175724030 0.008454775 0.999834061 -0.016130861 -4.088082790 -0.998758256 0.007651455 -0.049228143 111.381317139
-0.049111754 0.017547291 0.998639166 47.874523163 0.009101079 0.999812007 -0.017120317 -4.109326839 -0.998751879 0.008247884 -0.049262214 111.350921631
-0.049238767 0.016907252 0.998643935 48.569862366 0.010388613 0.999811292 -0.016414795 -4.136145592 -0.998733044 0.009566282 -0.049405117 111.319786072
-0.049544580 0.016765248 0.998631179 49.246810913 0.010940993 0.999808252 -0.016242193 -4.159119606 -0.998712003 0.010121305 -0.049718503 111.282714844
-0.049553704 0.016673569 0.998632252 49.949176788 0.007458789 0.999838948 -0.016323596 -4.182874203 -0.998743594 0.006639693 -0.049670082 111.256607056
-0.049397301 0.016996661 0.998634636 50.636405945 0.005033689 0.999846637 -0.016768301 -4.207418919 -0.998766601 0.004198506 -0.049475279 111.233314514
-0.049305052 0.015532471 0.998663068 51.311393738 0.006722204 0.999861658 -0.015219229 -4.232648373 -0.998761237 0.005962832 -0.049402639 111.199974060
-0.050533470 0.014961979 0.998610258 51.985824585 0.007187262 0.999867320 -0.014617110 -4.254776478 -0.998696566 0.006438620 -0.050634295 111.168418884
-0.053946722 0.014430888 0.998439491 52.666423798 0.004050762 0.999890447 -0.014232993 -4.278470516 -0.998535693 0.003276617 -0.053999268 111.139366150
-0.059096478 0.014259659 0.998150408 53.328330994 0.000502324 0.999898195 -0.014254888 -4.297899723 -0.998252094 -0.000341020 -0.059097625 111.105522156
-0.064789377 0.018271791 0.997731686 53.992938995 0.004170916 0.999828517 -0.018039349 -4.319076538 -0.997890174 0.002992696 -0.064854480 111.059135437
-0.071398370 0.021087548 0.997224987 54.662208557 0.006707806 0.999764085 -0.020660978 -4.339351177 -0.997425199 0.005214030 -0.071522973 111.006973267
-0.078761511 0.022645678 0.996636212 55.329139709 0.005343254 0.999737263 -0.022293873 -4.364031792 -0.996879101 0.003569381 -0.078861795 110.952331543
-0.084886186 0.021539319 0.996157825 56.011566162 0.001541969 0.999767959 -0.021485979 -4.391979218 -0.996389449 -0.000287818 -0.084899694 110.898925781
-0.090178452 0.020457173 0.995715559 56.696811676 0.001610462 0.999790728 -0.020395044 -4.418824196 -0.995924234 -0.000235631 -0.090192519 110.838890076
-0.095292121 0.021161050 0.995224416 57.397098541 -0.000794960 0.999772191 -0.021333862 -4.439504147 -0.995449007 -0.002824112 -0.095253587 110.785949707
-0.099433340 0.020812010 0.994826615 58.100006104 -0.002582370 0.999772489 -0.021173591 -4.456383228 -0.995040894 -0.004674372 -0.099356979 110.726615906
-0.102007300 0.017234497 0.994634390 58.803596497 -0.002590275 0.999841869 -0.017590385 -4.483255863 -0.994780302 -0.004370724 -0.101946533 110.655761719
-0.103419237 0.014400894 0.994533598 59.519580841 -0.000443912 0.999894440 -0.014524679 -4.503648758 -0.994637787 -0.001943617 -0.103401937 110.578033447
-0.105101809 0.011364470 0.994396627 60.234165192 -0.001096379 0.999932766 -0.011543621 -4.530633926 -0.994460821 -0.002303492 -0.105082281 110.507591248
-0.106681138 0.011174822 0.994230509 60.967430115 -0.001324004 0.999934316 -0.011380998 -4.548939228 -0.994292378 -0.002530503 -0.106659345 110.438888550
-0.106708296 0.014706966 0.994181633 61.693309784 0.000335108 0.999891102 -0.014755459 -4.569033146 -0.994290411 -0.001241372 -0.106701605 110.359725952
-0.106946245 0.018732890 0.994088411 62.425704956 0.005933126 0.999816656 -0.018202540 -4.592488289 -0.994247139 0.003951359 -0.107037798 110.276428223
-0.107857056 0.023776399 0.993882120 63.173923492 0.013299615 0.999658942 -0.022471312 -4.616290092 -0.994077504 0.010794559 -0.108136505 110.192481995
-0.108196966 0.024830446 0.993819416 63.917285919 0.014169751 0.999624968 -0.023432838 -4.640656948 -0.994028568 0.011546809 -0.108508237 110.109878540
-0.108774275 0.022590410 0.993809760 64.681190491 0.012350992 0.999695182 -0.021372357 -4.670364380 -0.993989706 0.009949771 -0.109020159 110.031906128
-0.108697727 0.017701287 0.993917227 65.439720154 0.012786526 0.999783516 -0.016407393 -4.695790768 -0.993992567 0.010925300 -0.108900554 109.954513550
-0.108903915 0.015621290 0.993929505 66.185241699 0.014776462 0.999791443 -0.014094372 -4.723051071 -0.993942380 0.013151830 -0.109112024 109.871383667
-0.109975919 0.015359966 0.993815601 66.945297241 0.014805957 0.999794960 -0.013813946 -4.745675564 -0.993823886 0.013195187 -0.110180780 109.794975281
-0.111585900 0.016004482 0.993625998 67.691352844 0.013428885 0.999803305 -0.014595893 -4.770483971 -0.993664026 0.011714592 -0.111778863 109.718177795
-0.113681652 0.016915306 0.993373215 68.425918579 0.012547853 0.999799788 -0.015588759 -4.792307854 -0.993437946 0.010692545 -0.113871135 109.638046265
-0.116147436 0.017174754 0.993083656 69.167655945 0.013962604 0.999779940 -0.015657546 -4.817303181 -0.993133843 0.012047448 -0.116361678 109.554153442
-0.118049107 0.017502772 0.992853522 69.909233093 0.014328788 0.999770641 -0.015921034 -4.838976383 -0.992904365 0.012346924 -0.118272811 109.467742920
-0.119951330 0.016925208 0.992635548 70.660003662 0.014075791 0.999783158 -0.015346141 -4.865026474 -0.992680013 0.012131340 -0.120163552 109.377639771
-0.121609733 0.017230222 0.992428362 71.408973694 0.011975639 0.999801934 -0.015890772 -4.887997627 -0.992505670 0.009952491 -0.121791981 109.292251587
-0.122616939 0.018742388 0.992277026 72.160621643 0.011840721 0.999778092 -0.017420897 -4.912426472 -0.992383480 0.009613178 -0.122811660 109.203224182
-0.123646639 0.019169560 0.992141128 72.923034668 0.010881341 0.999779463 -0.017961044 -4.933902740 -0.992266715 0.008575003 -0.123827986 109.115776062
-0.124967135 0.019571578 0.991967738 73.694015503 0.010468909 0.999775767 -0.018406762 -4.956438541 -0.992105663 0.008084580 -0.125144020 109.022720337
-0.126294270 0.017936558 0.991830647 74.479423523 0.010650869 0.999803364 -0.016724514 -4.976556301 -0.991935611 0.008451647 -0.126460478 108.935401917
-0.127112776 0.015544652 0.991766453 75.263015747 0.008624064 0.999856651 -0.014566124 -5.000205040 -0.991850793 0.006701516 -0.127228603 108.839775085
-0.129059047 0.013522430 0.991544664 76.051368713 0.005193052 0.999902487 -0.012960486 -5.020502090 -0.991623282 0.003476474 -0.129116669 108.749267578
-0.131051227 0.012806891 0.991292894 76.826362610 0.006638418 0.999905407 -0.012040545 -5.046121120 -0.991353393 0.005002687 -0.131123841 108.639999390
-0.132581472 0.013716629 0.991077244 77.621276855 0.008058126 0.999886096 -0.012760567 -5.065305710 -0.991139412 0.006294411 -0.132676885 108.536560059
-0.134894595 0.015059742 0.990745544 78.416717529 0.007433077 0.999871731 -0.014186417 -5.085043430 -0.990832031 0.005450616 -0.134989217 108.429908752
-0.136760637 0.018213112 0.990436673 79.212028503 0.008714059 0.999814391 -0.017182307 -5.115534306 -0.990565777 0.006280860 -0.136893928 108.326042175
-0.137016341 0.021871032 0.990327299 80.011657715 0.010557441 0.999731600 -0.020618051 -5.143729210 -0.990512490 0.007630312 -0.137210444 108.211975098
-0.138321429 0.025703294 0.990053892 80.827842712 0.011482516 0.999637604 -0.024347870 -5.180226326 -0.990320742 0.008000476 -0.138566464 108.105651855
-0.138139278 0.027016662 0.990044355 81.654273987 0.013909804 0.999582231 -0.025336124 -5.207490444 -0.990315080 0.010271408 -0.138457373 107.992355347
-0.137403682 0.026270369 0.990166843 82.485832214 0.017176345 0.999561071 -0.024136085 -5.239439011 -0.990366220 0.013691059 -0.137794584 107.875823975
-0.137022078 0.023866069 0.990280509 83.306152344 0.017893484 0.999606252 -0.021614956 -5.276954174 -0.990406275 0.014757839 -0.137395158 107.753845215
-0.136179671 0.022573566 0.990427077 84.155754089 0.016532263 0.999652982 -0.020510724 -5.302626610 -0.990546167 0.013580856 -0.136505619 107.640098572
-0.135046721 0.019998640 0.990637422 85.003677368 0.015865309 0.999711812 -0.018019021 -5.334013462 -0.990712225 0.013283360 -0.135325074 107.547462463
-0.133745834 0.017069047 0.990868747 85.858192444 0.016387807 0.999753118 -0.015010091 -5.357833385 -0.990880191 0.014230628 -0.133992538 107.441635132
-0.131965369 0.013547993 0.991161823 86.708229065 0.016895097 0.999792039 -0.011416509 -5.385812759 -0.991110444 0.015239188 -0.132166818 107.329231262
-0.130059049 0.013346054 0.991416514 87.552650452 0.015257071 0.999817789 -0.011457652 -5.413197517 -0.991388798 0.013635936 -0.130239010 107.222198486
-0.129045084 0.017441368 0.991485417 88.412178040 0.015771115 0.999754846 -0.015534176 -5.441169739 -0.991513193 0.013632220 -0.129288554 107.120086670
-0.126902938 0.023782648 0.991630077 89.256347656 0.016877586 0.999619603 -0.021814372 -5.466713428 -0.991771460 0.013968012 -0.127256081 107.012176514
-0.125235260 0.027312241 0.991751075 90.099121094 0.014601990 0.999563396 -0.025683494 -5.494763374 -0.992019653 0.011265060 -0.125579402 106.907913208
-0.124085106 0.024299772 0.991974056 90.963508606 0.013187666 0.999652088 -0.022838226 -5.530320168 -0.992183983 0.010247940 -0.124362409 106.809799194
