1.000000000 -0.000000000 0.000000000 0.000000000 -0.000000000 1.000000000 0.000000000 0.000000000 0.000000000 0.000000000 1.000000000 0.000000000
0.999997497 0.000981454 0.002008968 -0.008867266 -0.000979275 0.999998927 -0.001085572 -0.016935116 -0.002010031 0.001083602 0.999997377 1.207096934
0.999996245 0.000727721 0.002626719 0.000990541 -0.000724744 0.999999106 -0.001134285 -0.029264051 -0.002627542 0.001132377 0.999995887 2.401906490
0.999993443 0.000286497 0.003598364 0.002864700 -0.000283911 0.999999702 -0.000719210 -0.050190821 -0.003598570 0.000718184 0.999993265 3.600608110
0.999989271 0.000130770 0.004626869 0.003313455 -0.000126877 0.999999702 -0.000841530 -0.070520304 -0.004626977 0.000840934 0.999988914 4.799769878
0.999986351 -0.000196327 0.005221686 0.009905098 0.000199417 0.999999821 -0.000591262 -0.092666864 -0.005221569 0.000592295 0.999986112 6.002634048
0.999982476 0.000237026 0.005913488 0.014803473 -0.000227894 0.999998808 -0.001544851 -0.114978775 -0.005913847 0.001543476 0.999981344 7.201224327
0.999977410 -0.000297438 0.006735787 0.017780278 0.000308360 0.999998569 -0.001620511 -0.138720006 -0.006735296 0.001622552 0.999975979 8.389269829
0.999976277 -0.000461351 0.006865576 0.023051688 0.000462354 0.999999881 -0.000144495 -0.160688102 -0.006865510 0.000147666 0.999976397 9.585459709
0.999984264 -0.001167270 0.005491283 0.024073860 0.001161503 0.999998808 0.001053224 -0.186029151 -0.005492506 -0.001046829 0.999984384 10.777853966
0.999991894 -0.002605618 0.003058712 0.026950538 0.002603907 0.999996424 0.000562899 -0.208128229 -0.003060168 -0.000554930 0.999995112 11.976494789
0.999996603 -0.002316395 0.001196873 0.018551074 0.002316396 0.999997258 0.000000723 -0.226044148 -0.001196871 0.000002050 0.999999285 13.171421051
0.999996781 -0.002520011 -0.000223180 0.013719478 0.002520002 0.999996781 -0.000042972 -0.251938432 0.000223288 0.000042410 0.999999940 14.372956276
0.999998629 -0.000994024 -0.001297033 0.015023403 0.000993608 0.999999404 -0.000321104 -0.267599225 0.001297352 0.000319815 0.999999106 15.555570602
0.999997795 -0.001177102 -0.001757675 0.005999293 0.001176489 0.999999225 -0.000349517 -0.286766559 0.001758085 0.000347448 0.999998391 16.757352829
0.999995351 -0.001857364 -0.002448441 0.001393685 0.001858278 0.999998271 0.000371104 -0.310731471 0.002447748 -0.000375652 0.999996960 17.939964294
0.999993861 -0.001885214 -0.002957128 -0.004777440 0.001887225 0.999997914 0.000677744 -0.333685696 0.002955845 -0.000683321 0.999995410 19.146827698
0.999990582 -0.001748626 -0.003970812 -0.012534871 0.001748430 0.999998391 -0.000052728 -0.356594980 0.003970898 0.000045785 0.999992132 20.345792770
0.999989867 -0.002177452 -0.003940290 -0.030967191 0.002173746 0.999997139 -0.000944408 -0.384850055 0.003942335 0.000935834 0.999991775 21.557891846
0.999987841 -0.000992813 -0.004837449 -0.040347934 0.000990432 0.999999344 -0.000494383 -0.402997971 0.004837937 0.000489586 0.999988198 22.752391815
0.999985039 -0.001202525 -0.005324051 -0.058329917 0.001198945 0.999999046 -0.000675594 -0.425721914 0.005324858 0.000669200 0.999985635 23.944917679
0.999979436 -0.001048760 -0.006330696 -0.070283443 0.001040249 0.999998510 -0.001347513 -0.446505278 0.006332100 0.001340900 0.999979019 25.144487381
0.999973595 -0.001016358 -0.007190787 -0.086140983 0.001013116 0.999999344 -0.000454443 -0.475655645 0.007191245 0.000447146 0.999974072 26.327865601
0.999964774 -0.002664725 -0.007952571 -0.099730074 0.002673983 0.999995649 0.001153796 -0.494668514 0.007949462 -0.001175021 0.999967754 27.532005310
0.999954760 -0.002541319 -0.009159430 -0.107714854 0.002553849 0.999995828 0.001356577 -0.517521501 0.009155944 -0.001379908 0.999957144 28.722728729
0.999945462 -0.003211768 -0.009933894 -0.125535294 0.003217892 0.999994695 0.000600481 -0.538014174 0.009931912 -0.000632415 0.999950469 29.923889160
0.999936163 -0.003423107 -0.010765677 -0.137345895 0.003418992 0.999994099 -0.000400621 -0.560907185 0.010766986 0.000363788 0.999941945 31.120363235
0.999929309 -0.002928512 -0.011522586 -0.157916322 0.002924255 0.999995649 -0.000386221 -0.579797745 0.011523667 0.000352499 0.999933541 32.314155579
0.999921381 -0.003133191 -0.012140910 -0.177935734 0.003135647 0.999995112 0.000183389 -0.601559341 0.012140275 -0.000221445 0.999926269 33.518871307
0.999911427 -0.003785148 -0.012770791 -0.193096012 0.003789641 0.999992728 0.000327614 -0.622808814 0.012769460 -0.000375982 0.999918401 34.704696655
0.999899983 -0.004230726 -0.013494089 -0.209477380 0.004238749 0.999990880 0.000565991 -0.646735728 0.013491571 -0.000623133 0.999908805 35.905384064
0.999893308 -0.004385241 -0.013937411 -0.228954107 0.004390751 0.999990344 0.000364705 -0.668968797 0.013935674 -0.000425862 0.999902785 37.106716156
0.999883831 -0.005383859 -0.014267418 -0.244472459 0.005399149 0.999984980 0.001033305 -0.689333200 0.014261639 -0.001110216 0.999897659 38.306682587
0.999889314 -0.004891583 -0.014052758 -0.268519163 0.004926213 0.999985039 0.002430691 -0.713493645 0.014040655 -0.002499649 0.999898255 39.514244080
0.999891818 -0.004428165 -0.014028306 -0.288629442 0.004468334 0.999986053 0.002833315 -0.725117505 0.014015562 -0.002895692 0.999897540 40.721679688
0.999897778 -0.003410727 -0.013884617 -0.314963430 0.003450046 0.999990165 0.002808824 -0.749225438 0.013874900 -0.002856440 0.999899626 41.918891907
0.999902964 -0.002267406 -0.013741532 -0.331721693 0.002300623 0.999994457 0.002401950 -0.763750315 0.013736010 -0.002433332 0.999902725 43.108398438
0.999912918 0.000151406 -0.013188821 -0.356225848 -0.000094623 0.999990642 0.004305969 -0.780412197 0.013189350 -0.004304346 0.999903798 44.308963776
0.999932885 0.000590581 -0.011569597 -0.377443582 -0.000507389 0.999974012 0.007192164 -0.793745339 0.011573544 -0.007185811 0.999907255 45.514694214
0.999951303 0.001036909 -0.009813255 -0.386836231 -0.000935718 0.999946415 0.010310625 -0.810998082 0.009823420 -0.010300938 0.999898672 46.729389191
0.999957144 0.001455864 -0.009140325 -0.393120974 -0.001331248 0.999906242 0.013624897 -0.816413820 0.009159305 -0.013612146 0.999865353 47.933357239
0.999974251 0.000238926 -0.007155664 -0.417508870 -0.000133878 0.999892354 0.014677327 -0.822732568 0.007158400 -0.014675991 0.999866664 49.144699097
0.999983788 -0.001179823 -0.005578087 -0.413926631 0.001253926 0.999910653 0.013299845 -0.828634381 0.005561898 -0.013306623 0.999895990 50.362586975
0.999990344 0.000079737 -0.004393321 -0.427724451 -0.000027296 0.999928653 0.011935307 -0.836661160 0.004393959 -0.011935071 0.999919057 51.576099396
0.999994218 -0.000079293 -0.003412493 -0.439920664 0.000117266 0.999938011 0.011128828 -0.837813795 0.003411398 -0.011129163 0.999932230 52.778327942
0.999991953 -0.000750790 -0.003921685 -0.437473118 0.000793210 0.999941111 0.010826446 -0.852456093 0.003913325 -0.010829468 0.999933660 53.976581573
0.999989152 -0.001212161 -0.004503056 -0.454308182 0.001255915 0.999951959 0.009726333 -0.860181689 0.004491049 -0.009731883 0.999942541 55.190597534
0.999978900 -0.001483403 -0.006325611 -0.457340986 0.001547540 0.999947309 0.010146585 -0.866840005 0.006310226 -0.010156159 0.999928474 56.388442993
0.999966323 -0.001698773 -0.008027857 -0.466572285 0.001785776 0.999939620 0.010843037 -0.870373547 0.008008952 -0.010857007 0.999908984 57.593315125
0.999958634 -0.001750950 -0.008922614 -0.483981907 0.001857241 0.999927282 0.011918245 -0.888386786 0.008901097 -0.011934323 0.999889135 58.790622711
0.999951243 -0.000917977 -0.009828287 -0.500669956 0.001028268 0.999936461 0.011222648 -0.887975216 0.009817361 -0.011232208 0.999888778 59.992275238
0.999944150 -0.000446219 -0.010556730 -0.518225431 0.000568110 0.999933124 0.011546159 -0.904265344 0.010550871 -0.011551511 0.999877572 61.204364777
0.999943793 -0.001769204 -0.010451827 -0.535122454 0.001881611 0.999940336 0.010754734 -0.908708394 0.010432178 -0.010773797 0.999887586 62.401699066
0.999935567 -0.002320940 -0.011110106 -0.547922909 0.002433801 0.999945462 0.010155732 -0.924337685 0.011085929 -0.010182115 0.999886692 63.612598419
0.999932408 -0.002606729 -0.011325216 -0.567648888 0.002737469 0.999929547 0.011543989 -0.934701264 0.011294329 -0.011574212 0.999869227 64.812469482
0.999928057 -0.003272037 -0.011533841 -0.585332572 0.003421287 0.999910414 0.012944201 -0.943917990 0.011490456 -0.012982731 0.999849677 66.015602112
0.999924719 -0.002187052 -0.012070462 -0.602683961 0.002321730 0.999935091 0.011154961 -0.948646069 0.012045282 -0.011182145 0.999864936 67.213737488
0.999930263 -0.000587696 -0.011786942 -0.628381431 0.000705487 0.999949872 0.009991748 -0.955574870 0.011780478 -0.009999369 0.999880612 68.411689758
0.999926984 0.001731752 -0.011962031 -0.648175359 -0.001605580 0.999943018 0.010549258 -0.966282070 0.011979619 -0.010529281 0.999872744 69.597061157
0.999923348 0.004141076 -0.011669992 -0.674001098 -0.004018507 0.999936759 0.010506880 -0.971347928 0.011712762 -0.010459178 0.999876678 70.786788940
0.999922335 0.005128939 -0.011359344 -0.695612311 -0.005005395 0.999928296 0.010877837 -0.980514884 0.011414320 -0.010820135 0.999876320 71.988433838
0.999924541 0.005967928 -0.010746206 -0.709809005 -0.005838671 0.999910712 0.012019780 -0.992298365 0.010816981 -0.011956126 0.999869943 73.168083191
0.999927640 0.008109313 -0.008887129 -0.729732037 -0.007995022 0.999885798 0.012820989 -0.998023212 0.008990084 -0.012749008 0.999878287 74.346282959
0.999959528 0.006888943 -0.005788527 -0.749501050 -0.006827989 0.999921739 0.010484815 -1.006263375 0.005860303 -0.010444866 0.999928236 75.532844543
0.999987304 0.003375268 -0.003737898 -0.745020926 -0.003353420 0.999977291 0.005836424 -1.027129769 0.003757513 -0.005823816 0.999975920 76.706108093
0.999991119 0.004055679 -0.001139112 -0.752964795 -0.004049430 0.999976993 0.005435989 -1.037429690 0.001161132 -0.005431328 0.999984622 77.885299683
0.999995291 0.002688494 0.001449068 -0.749913394 -0.002701737 0.999953926 0.009215937 -1.053058982 -0.001424223 -0.009219809 0.999956429 79.068656921
0.999981940 0.003328605 0.005000876 -0.752271891 -0.003380619 0.999939978 0.010428648 -1.063700795 -0.004965862 -0.010445369 0.999933064 80.236892700
0.999951661 0.003598032 0.009145813 -0.748932898 -0.003676999 0.999955952 0.008632107 -1.072150350 -0.009114350 -0.008665320 0.999920905 81.408317566
0.999922097 0.001828024 0.012348815 -0.735839844 -0.001901932 0.999980271 0.005975884 -1.087603211 -0.012337648 -0.005998905 0.999905884 82.573310852
0.999876082 0.001462170 0.015675360 -0.721407115 -0.001498779 0.999996185 0.002323950 -1.105934978 -0.015671903 -0.002347156 0.999874413 83.745597839
0.999817908 0.000559350 0.019072995 -0.700905681 -0.000592579 0.999998331 0.001736614 -1.124514699 -0.019071992 -0.001747600 0.999816597 84.901748657
0.999748349 0.000533208 0.022428339 -0.674728811 -0.000603768 0.999994934 0.003139337 -1.143698692 -0.022426553 -0.003152088 0.999743521 86.072700500
0.999652028 0.002102806 0.026294248 -0.655048788 -0.002199257 0.999991000 0.003639724 -1.164235115 -0.026286356 -0.003696285 0.999647677 87.240455627
0.999550402 0.001250949 0.029956864 -0.620440423 -0.001294779 0.999998152 0.001443741 -1.180856943 -0.029955003 -0.001481880 0.999550164 88.386192322
0.999446630 0.000913585 0.033250213 -0.584869146 -0.000891199 0.999999464 -0.000688084 -1.200219870 -0.033250820 0.000658071 0.999446869 89.531646729
0.999343574 0.000721766 0.036221251 -0.540034890 -0.000681846 0.999999166 -0.001114434 -1.221878529 -0.036222022 0.001089005 0.999343097 90.700286865
0.999235988 -0.000548876 0.039079040 -0.497149259 0.000545529 0.999999821 0.000096313 -1.242482185 -0.039079089 -0.000074921 0.999236107 91.853439331
0.999118745 -0.000901255 0.041964095 -0.455669791 0.000830759 0.999998152 0.001697339 -1.259908676 -0.041965555 -0.001660981 0.999117613 93.014343262
0.999004662 -0.002026368 0.044558845 -0.404691279 0.001880085 0.999992728 0.003324581 -1.277723908 -0.044565253 -0.003237498 0.999001205 94.178833008
0.998900056 -0.003617074 0.046750359 -0.348269045 0.003424359 0.999985337 0.004201648 -1.291269779 -0.046764869 -0.004036936 0.998897731 95.338325500
0.998774946 -0.004524409 0.049277227 -0.299375296 0.004432135 0.999988258 0.001981671 -1.308093667 -0.049285613 -0.001760840 0.998783171 96.494941711
0.998663127 -0.006157296 0.051324505 -0.237533376 0.006240630 0.999979496 -0.001463557 -1.327861071 -0.051314440 0.001781897 0.998681009 97.650337219
0.998557866 -0.005171984 0.053436097 -0.180868715 0.005407210 0.999976337 -0.004258370 -1.347384334 -0.053412810 0.004541168 0.998562157 98.817848206
0.998476684 -0.005400636 0.054909214 -0.117276274 0.005700134 0.999969780 -0.005299284 -1.366840363 -0.054878931 0.005604201 0.998477280 99.991394043
0.998439312 -0.005049208 0.055618018 -0.067370698 0.005307133 0.999975860 -0.004490722 -1.391663551 -0.055593994 0.004778886 0.998442054 101.175415039
0.998500705 -0.004631732 0.054543022 -0.003843437 0.004772382 0.999985635 -0.002448720 -1.415434122 -0.054530889 0.002705349 0.998508513 102.355514526
0.998562753 -0.005442685 0.053317569 0.055803478 0.005517309 0.999983966 -0.001252510 -1.433950901 -0.053309903 0.001544880 0.998576820 103.549438477
0.998680949 -0.005094882 0.051092848 0.114121400 0.005121794 0.999986827 -0.000395798 -1.452548265 -0.051090162 0.000656963 0.998693824 104.735130310
0.998807669 -0.004630536 0.048598085 0.165987596 0.004634196 0.999989271 0.000037379 -1.468417525 -0.048597734 0.000187878 0.998818457 105.934799194
0.998929203 -0.004063857 0.046085931 0.208626464 0.004066379 0.999991775 0.000039032 -1.494595051 -0.046085697 0.000148413 0.998937488 107.155555725
0.999104857 -0.002687021 0.042218287 0.245805934 0.002704478 0.999996305 -0.000356385 -1.512846231 -0.042217169 0.000470244 0.999108374 108.347068787
0.999262452 -0.002548810 0.038315438 0.292909324 0.002552587 0.999996722 -0.000049652 -1.530013800 -0.038315184 0.000147419 0.999265671 109.557189941
0.999413967 -0.001996807 0.034171507 0.329335362 0.001961107 0.999997556 0.001078202 -1.549932003 -0.034173578 -0.001010556 0.999415398 110.780586243
0.999555171 -0.001535118 0.029780330 0.363049477 0.001483747 0.999997377 0.001747010 -1.568142772 -0.029782930 -0.001702047 0.999554932 111.984001160
0.999682546 -0.001257333 0.025162710 0.387839645 0.001205623 0.999997079 0.002070095 -1.580557942 -0.025165245 -0.002039101 0.999681234 113.209213257
0.999796689 -0.000975620 0.020140124 0.418368638 0.000925696 0.999996483 0.002487990 -1.604926825 -0.020142481 -0.002468840 0.999794066 114.431694031
0.999883890 -0.000298183 0.015231466 0.426714540 0.000261928 0.999997079 0.002382171 -1.618911386 -0.015232136 -0.002377905 0.999881089 115.650779724
0.999946952 0.000001672 0.010300338 0.433367848 -0.000022763 0.999997914 0.002047530 -1.638435006 -0.010300313 -0.002047656 0.999944866 116.875923157
0.999983132 0.001104102 0.005691686 0.430612385 -0.001111393 0.999998689 0.001277872 -1.651798368 -0.005690268 -0.001284176 0.999983013 118.106910706
0.999993384 0.002938813 0.002123914 0.426959455 -0.002942071 0.999994516 0.001532040 -1.677994609 -0.002119400 -0.001538279 0.999996483 119.349838257
0.999988198 0.004835120 -0.000171263 0.419480026 -0.004834849 0.999987125 0.001548649 -1.693518400 0.000178749 -0.001547802 0.999998808 120.592391968
0.999979854 0.006216273 -0.001263013 0.407458574 -0.006214760 0.999979973 0.001198592 -1.711703539 0.001270439 -0.001190719 0.999998510 121.831459045
0.999961138 0.008511536 -0.002283112 0.398823589 -0.008508260 0.999962807 0.001440961 -1.728280306 0.002295292 -0.001421480 0.999996364 123.078804016
0.999947608 0.009767014 -0.003069837 0.380746752 -0.009760146 0.999949872 0.002244015 -1.744420886 0.003091600 -0.002213935 0.999992728 124.327781677
0.999948144 0.009393061 -0.003915976 0.370492011 -0.009383235 0.999952793 0.002519406 -1.759944320 0.003939456 -0.002482531 0.999989092 125.577522278
0.999902129 0.013123190 -0.004850060 0.361312062 -0.013100854 0.999903560 0.004608608 -1.775795102 0.004910072 -0.004544617 0.999977529 126.828018188
0.999885142 0.014136069 -0.005464179 0.346450925 -0.014093046 0.999869943 0.007833288 -1.787219763 0.005574201 -0.007755382 0.999954343 128.079879761
0.999898911 0.012806180 -0.006186114 0.339537799 -0.012759711 0.999890506 0.007494080 -1.799949765 0.006281408 -0.007414388 0.999952734 129.336273193
0.999895334 0.012761442 -0.006818297 0.325231671 -0.012721101 0.999901533 0.005927628 -1.808339596 0.006893271 -0.005840270 0.999959171 130.591476440
0.999919713 0.010411821 -0.007227522 0.310886115 -0.010360040 0.999920607 0.007165416 -1.822108626 0.007301554 -0.007089961 0.999948204 131.854843140
0.999933660 0.007982678 -0.008304633 0.302410245 -0.007908295 0.999928594 0.008951210 -1.831437111 0.008375497 -0.008884942 0.999925375 133.127532959
0.999954462 0.004452177 -0.008447142 0.286570072 -0.004361045 0.999932349 0.010776360 -1.840536475 0.008494549 -0.010739031 0.999906242 134.396881104
0.999962270 0.002531146 -0.008312881 0.263524562 -0.002434102 0.999929011 0.011663374 -1.847056508 0.008341813 -0.011642702 0.999897480 135.679779053
0.999961019 -0.001342323 -0.008721675 0.266055465 0.001430098 0.999948263 0.010065534 -1.856508970 0.008707712 -0.010077616 0.999911308 136.940002441
0.999952614 -0.003816783 -0.008957479 0.254789203 0.003898743 0.999950469 0.009150342 -1.864075780 0.008922111 -0.009184831 0.999918044 138.211990356
0.999951065 -0.005023067 -0.008521149 0.242738202 0.005097060 0.999949336 0.008684138 -1.870377421 0.008477096 -0.008727144 0.999925971 139.496643066
0.999955177 -0.005133794 -0.007955869 0.225726545 0.005203691 0.999947846 0.008790096 -1.876430273 0.007910328 -0.008831103 0.999929667 140.779449463
0.999959171 -0.005010318 -0.007518339 0.208028734 0.005091781 0.999928176 0.010855441 -1.884490967 0.007463410 -0.010893280 0.999912739 142.039489746
0.999975443 -0.002321698 -0.006613160 0.185769752 0.002403721 0.999920011 0.012422078 -1.891980648 0.006583789 -0.012437670 0.999900997 143.319183350
0.999977350 -0.002846827 -0.006090638 0.179450944 0.002913094 0.999936283 0.010899051 -1.904906869 0.006059222 -0.010916551 0.999922037 144.602478027
0.999981403 -0.002341636 -0.005638448 0.163176730 0.002393328 0.999954998 0.009178680 -1.913476706 0.005616702 -0.009192006 0.999942005 145.875213623
0.999983609 -0.002375855 -0.005195317 0.150021374 0.002409347 0.999976218 0.006449969 -1.925521851 0.005179869 -0.006462382 0.999965668 147.161987305
0.999982297 -0.003742966 -0.004632580 0.143383488 0.003754695 0.999989808 0.002525681 -1.941850185 0.004623079 -0.002543030 0.999986053 148.436203003
0.999984145 -0.003663799 -0.004299663 0.131043211 0.003659255 0.999992788 -0.001064111 -1.961097240 0.004303532 0.001048360 0.999990106 149.712142944
0.999984264 -0.004090432 -0.003873326 0.119185306 0.004083060 0.999989867 -0.001909437 -1.983618021 0.003881098 0.001893591 0.999990642 150.988220215
0.999984145 -0.004060478 -0.003912466 0.107594453 0.004054980 0.999990821 -0.001412277 -2.010333061 0.003918164 0.001396390 0.999991357 152.256103516
0.999984562 -0.003617260 -0.004225124 0.101310499 0.003612799 0.999992907 -0.001062986 -2.033459663 0.004228940 0.001047705 0.999990463 153.527465820
0.999983311 -0.003588754 -0.004544718 0.094889186 0.003588130 0.999993563 -0.000145700 -2.056177139 0.004545212 0.000129390 0.999989688 154.785736084
0.999986351 -0.002498446 -0.004569274 0.073710889 0.002500110 0.999996722 0.000358554 -2.073173046 0.004568363 -0.000369972 0.999989510 156.077789307
0.999984562 -0.002030292 -0.005175089 0.061102170 0.002032253 0.999997854 0.000373714 -2.097791910 0.005174319 -0.000384225 0.999986529 157.343872070
0.999981284 -0.001749117 -0.005865163 0.045323085 0.001751599 0.999998391 0.000418110 -2.120474100 0.005864422 -0.000428376 0.999982655 158.614501953
0.999975324 -0.002303827 -0.006636392 0.032848682 0.002314126 0.999996126 0.001544652 -2.141640186 0.006632808 -0.001559971 0.999976695 159.882049561
0.999974430 -0.001000328 -0.007072903 0.014416686 0.001014001 0.999997616 0.001929717 -2.161141872 0.007070956 -0.001936840 0.999973118 161.164749146
0.999969959 -0.000769579 -0.007707845 -0.001056776 0.000776652 0.999999285 0.000914737 -2.179503918 0.007707136 -0.000920695 0.999969959 162.433258057
0.999965191 -0.000616371 -0.008317829 -0.021148806 0.000613191 0.999999642 -0.000384841 -2.199997425 0.008318064 0.000379728 0.999965310 163.689193726
0.999957919 0.000489118 -0.009155100 -0.037812363 -0.000490226 0.999999821 -0.000118708 -2.224903822 0.009155042 0.000123191 0.999958098 164.953903198
0.999950171 -0.000202685 -0.009979700 -0.055152595 0.000191046 0.999999404 -0.001167230 -2.248253584 0.009979930 0.001165265 0.999949515 166.231872559
0.999938428 -0.000038760 -0.011098485 -0.071713880 0.000014245 0.999997616 -0.002208953 -2.271938801 0.011098544 0.002208659 0.999935925 167.501037598
0.999936700 0.000252400 -0.011241348 -0.098377973 -0.000273671 0.999998152 -0.001890675 -2.295869112 0.011240852 0.001893632 0.999935031 168.769714355
0.999922872 0.000547265 -0.012404418 -0.115678348 -0.000551564 0.999999821 -0.000343118 -2.321077108 0.012404229 0.000349933 0.999923050 170.045516968
0.999919653 0.000751331 -0.012664309 -0.135898679 -0.000751910 0.999999702 -0.000040868 -2.343639374 0.012664275 0.000050387 0.999919832 171.321960449
0.999909937 0.001301097 -0.013360859 -0.160060108 -0.001296743 0.999999046 0.000334541 -2.364788532 0.013361281 -0.000317185 0.999910712 172.593643188
0.999896407 0.001738490 -0.014289122 -0.184073433 -0.001728834 0.999998212 0.000688083 -2.388605118 0.014290295 -0.000663308 0.999897659 173.878036499
0.999888301 0.001639318 -0.014855570 -0.207762003 -0.001644781 0.999998689 -0.000355506 -2.410560608 0.014854964 0.000379901 0.999889612 175.126647949
0.999878943 0.002529115 -0.015354858 -0.236217782 -0.002543828 0.999996364 -0.000938753 -2.431850910 0.015352426 0.000977699 0.999881685 176.397537231
0.999873757 0.002735945 -0.015657261 -0.272221774 -0.002751861 0.999995708 -0.000995055 -2.444614172 0.015654471 0.001038016 0.999876916 177.654876709
0.999868453 0.002870654 -0.015965477 -0.295387149 -0.002899667 0.999994218 -0.001794424 -2.473416567 0.015960231 0.001840483 0.999870956 178.905609131
0.999868333 0.001846069 -0.016121767 -0.322419465 -0.001906677 0.999991179 -0.003744882 -2.491992474 0.016114710 0.003775128 0.999863029 180.169662476
0.999874473 -0.001402992 -0.015784558 -0.355997384 0.001348946 0.999993265 -0.003434131 -2.521443605 0.015789269 0.003412408 0.999869525 181.434982300
0.999855936 -0.000995142 -0.016941885 -0.359304518 0.001001359 0.999999404 0.000358537 -2.544277906 0.016941519 -0.000375450 0.999856353 182.704147339
0.999852121 -0.001722300 -0.017111233 -0.384525478 0.001803217 0.999987245 0.004714577 -2.565979719 0.017102895 -0.004744735 0.999842465 183.970489502
0.999858558 -0.000791955 -0.016796323 -0.414090753 0.000857903 0.999991953 0.003919520 -2.580386877 0.016793080 -0.003933375 0.999851227 185.227966309
0.999866545 0.000792914 -0.016321488 -0.448255926 -0.000779970 0.999999464 0.000799383 -2.597545147 0.016322112 -0.000786546 0.999866486 186.475021362
0.999856770 0.000745389 -0.016915867 -0.474005371 -0.000762747 0.999999106 -0.001019747 -2.622358084 0.016915096 0.001032504 0.999856412 187.724121094
0.999850631 0.000847407 -0.017265856 -0.500120282 -0.000860604 0.999999285 -0.000756920 -2.644736052 0.017265204 0.000771666 0.999850631 188.973144531
0.999855578 0.000562621 -0.016986247 -0.527741313 -0.000557041 0.999999821 0.000333218 -2.666205406 0.016986428 -0.000323708 0.999855697 190.220687866
0.999856949 0.000363377 -0.016911905 -0.555611908 -0.000319463 0.999996543 0.002599303 -2.689369440 0.016912794 -0.002593528 0.999853611 191.462097168
0.999872565 0.000306036 -0.015961787 -0.583546758 -0.000250148 0.999993801 0.003503220 -2.711318493 0.015962759 -0.003498781 0.999866426 192.718170166
0.999893248 0.000059064 -0.014614885 -0.608679056 -0.000019627 0.999996364 0.002698496 -2.728927374 0.014614990 -0.002697921 0.999889493 193.959075928
0.999913156 -0.000905344 -0.013146647 -0.632151842 0.000923961 0.999998569 0.001410136 -2.751829624 0.013145351 -0.001422160 0.999912620 195.188293457
0.999926627 -0.001166191 -0.012053944 -0.653702438 0.001162526 0.999999285 -0.000311057 -2.770745754 0.012054299 0.000297021 0.999927342 196.424728394
0.999943435 -0.001477918 -0.010532468 -0.671057582 0.001470034 0.999998629 -0.000756198 -2.795317173 0.010533572 0.000740672 0.999944210 197.637802124
0.999958396 -0.001282135 -0.009032452 -0.688870072 0.001281801 0.999999225 -0.000042707 -2.819154501 0.009032502 0.000031127 0.999959111 198.851272583
0.999966919 -0.001770167 -0.007934880 -0.703483164 0.001785111 0.999996662 0.001876648 -2.841110706 0.007931530 -0.001890750 0.999966741 200.082199097
0.999975324 -0.000675748 -0.006981346 -0.719648659 0.000692033 0.999997079 0.002330450 -2.864433050 0.006979750 -0.002335224 0.999972880 201.295455933
0.999983609 -0.001097560 -0.005616398 -0.733119190 0.001111147 0.999996483 0.002416632 -2.884185791 0.005613726 -0.002422833 0.999981225 202.496124268
0.999987423 -0.001130246 -0.004884103 -0.739882171 0.001141518 0.999996722 0.002305741 -2.898348570 0.004881480 -0.002311288 0.999985337 203.702362061
0.999993265 -0.000914329 -0.003556246 -0.753563643 0.000924264 0.999995708 0.002793111 -2.925389290 0.003553676 -0.002796379 0.999989808 204.879165649
0.999996722 -0.000315568 -0.002545496 -0.766725361 0.000321668 0.999997079 0.002396430 -2.939999819 0.002544732 -0.002397240 0.999993920 206.066787720
0.999998748 -0.000449177 -0.001503693 -0.783057988 0.000452386 0.999997675 0.002134208 -2.954183578 0.001502731 -0.002134885 0.999996662 207.246047974
0.999997795 -0.001730932 -0.001204833 -0.789549947 0.001733953 0.999995351 0.002511386 -2.980433464 0.001200480 -0.002513470 0.999996185 208.411239624
0.999998093 -0.001710933 -0.000921596 -0.794204235 0.001714036 0.999992847 0.003376849 -3.002172232 0.000915812 -0.003378422 0.999993861 209.551620483
0.999995947 -0.002289502 -0.001655580 -0.796404004 0.002296075 0.999989510 0.003979847 -3.016293049 0.001646450 -0.003983632 0.999990702 210.697692871
0.999996185 -0.002106860 -0.001857598 -0.806003511 0.002115067 0.999987900 0.004427104 -3.042439222 0.001848249 -0.004431016 0.999988437 211.798522949
0.999996424 -0.001525115 -0.002242940 -0.814779639 0.001533106 0.999992371 0.003565047 -3.061937332 0.002237485 -0.003568473 0.999991119 212.901382446
0.999996126 -0.001320028 -0.002455358 -0.828658938 0.001326715 0.999995410 0.002723749 -3.081746101 0.002451752 -0.002726996 0.999993205 213.979919434
0.999994099 -0.001357776 -0.003161832 -0.835595012 0.001365738 0.999995887 0.002517380 -3.099519253 0.003158401 -0.002521683 0.999991834 215.050613403
0.999988019 -0.001730477 -0.004581186 -0.844954252 0.001742262 0.999995112 0.002569661 -3.123366833 0.004576717 -0.002577611 0.999986172 216.110275269
0.999979079 -0.002199423 -0.006085080 -0.854341686 0.002219383 0.999992132 0.003275402 -3.141391516 0.006077828 -0.003288839 0.999976039 217.169357300
0.999961972 -0.003238414 -0.008094003 -0.867453098 0.003277253 0.999983132 0.004789880 -3.156043530 0.008078354 -0.004816223 0.999955773 218.211975098
0.999942780 -0.002866321 -0.010302379 -0.882774413 0.002932200 0.999975264 0.006385115 -3.171477795 0.010283820 -0.006414958 0.999926567 219.235504150
0.999908745 -0.003086177 -0.013148060 -0.892125130 0.003171459 0.999974072 0.006470377 -3.188761711 0.013127749 -0.006511485 0.999892652 220.243103027
0.999879122 -0.002371984 -0.015359783 -0.917718589 0.002469546 0.999976873 0.006335934 -3.210386515 0.015344397 -0.006373100 0.999861956 221.229553223
0.999827147 -0.002294347 -0.018450143 -0.936671793 0.002416807 0.999975145 0.006617768 -3.226728916 0.018434498 -0.006661215 0.999807954 222.198989868
0.999774814 -0.001706920 -0.021153601 -0.969816506 0.001854772 0.999973893 0.006971755 -3.240555286 0.021141151 -0.007009420 0.999751985 223.144439697
0.999707520 -0.001746950 -0.024118567 -0.993718982 0.001914037 0.999974310 0.006906361 -3.260863066 0.024105882 -0.006950505 0.999685228 224.063171387
0.999646544 -0.000858564 -0.026571754 -1.028780699 0.001019603 0.999981105 0.006047600 -3.268239021 0.026566066 -0.006072555 0.999628603 224.974273682
0.999553204 -0.000909389 -0.029878387 -1.056892872 0.001065627 0.999985874 0.005213632 -3.280419350 0.029873224 -0.005243142 0.999539912 225.854202271
0.999442935 0.000200717 -0.033374138 -1.090521693 -0.000028273 0.999986589 0.005167380 -3.298822641 0.033374727 -0.005163558 0.999429584 226.711120605
0.999334037 0.000068229 -0.036489863 -1.124661922 0.000090245 0.999990582 0.004341298 -3.314925194 0.036489818 -0.004341699 0.999324620 227.541458130
0.999247849 0.001831927 -0.038732905 -1.164789438 -0.001671775 0.999989927 0.004166741 -3.327485085 0.038740151 -0.004098855 0.999240816 228.350479126
0.999225855 0.002521015 -0.039260536 -1.204138279 -0.002334987 0.999985814 0.004783439 -3.342084646 0.039272044 -0.004688062 0.999217510 229.149154663
0.999246836 0.002597295 -0.038717013 -1.242622495 -0.002387826 0.999982297 0.005455519 -3.354001999 0.038730498 -0.005358960 0.999235272 229.932144165
0.999257803 0.002513529 -0.038439941 -1.278348684 -0.002271335 0.999977291 0.006342969 -3.373201609 0.038455017 -0.006250951 0.999240696 230.699356079
0.999271750 0.002692518 -0.038062979 -1.306656837 -0.002469714 0.999979496 0.005899368 -3.382690430 0.038078085 -0.005801067 0.999257922 231.429763794
0.999292731 0.003431934 -0.037447777 -1.339876890 -0.003273583 0.999985456 0.004289060 -3.397132158 0.037461955 -0.004163438 0.999289453 232.163238525
0.999329686 0.003439994 -0.036449298 -1.369082093 -0.003369420 0.999992371 0.001997477 -3.407775640 0.036455892 -0.001873325 0.999333560 232.893112183
0.999359608 0.003283869 -0.035631821 -1.395337820 -0.003268115 0.999994576 0.000500399 -3.422491789 0.035633270 -0.000383629 0.999364853 233.619918823
0.999409437 0.004169271 -0.034108315 -1.425535202 -0.004165663 0.999991417 0.000176850 -3.435579300 0.034108754 -0.000034661 0.999418139 234.344421387
0.999454439 0.003647728 -0.032826304 -1.447163463 -0.003656316 0.999993384 -0.000201586 -3.446342945 0.032825347 0.000321500 0.999461055 235.062622070
0.999521971 0.003193377 -0.030753579 -1.472456217 -0.003206681 0.999994814 -0.000383290 -3.460921526 0.030752195 0.000481724 0.999526918 235.774749756
0.999571741 0.003474357 -0.029058985 -1.491026402 -0.003493751 0.999993742 -0.000616634 -3.473525524 0.029056665 0.000717895 0.999577463 236.487701416
0.999637544 0.002844359 -0.026772030 -1.513739586 -0.002868598 0.999995589 -0.000866996 -3.488707304 0.026769442 0.000943480 0.999641180 237.193695068
0.999710321 0.002958610 -0.023886897 -1.534586668 -0.002969745 0.999995589 -0.000430663 -3.502106190 0.023885516 0.000501476 0.999714553 237.894714355
0.999782979 0.002140324 -0.020722324 -1.548039079 -0.002132790 0.999997675 0.000385671 -3.518114090 0.020723097 -0.000341391 0.999785185 238.609512329
0.999834239 0.001436635 -0.018150361 -1.555570126 -0.001431135 0.999998927 0.000315990 -3.527109146 0.018150797 -0.000289962 0.999835193 239.302947998
0.999892294 0.000950807 -0.014641243 -1.575215340 -0.000938084 0.999999225 0.000875838 -3.547415495 0.014642062 -0.000862009 0.999892414 239.996856689
0.999931455 0.000583348 -0.011689553 -1.582444429 -0.000577152 0.999999702 0.000533377 -3.559700966 0.011689862 -0.000526594 0.999931514 240.689590454
0.999960065 0.000382390 -0.008936062 -1.587309837 -0.000382439 1.000000000 -0.000003800 -3.569482803 0.008936062 0.000007218 0.999960124 241.377929688
0.999980807 0.001603554 -0.005986431 -1.595586181 -0.001609484 0.999998271 -0.000985790 -3.580532074 0.005984840 0.000995406 0.999981582 242.073165894
0.999995291 0.001317250 -0.002756892 -1.603124619 -0.001320126 0.999998510 -0.001041467 -3.597560883 0.002755516 0.001045102 0.999995649 242.766479492
0.999998450 0.001752647 -0.000261060 -1.601799726 -0.001752700 0.999998450 -0.000200189 -3.608343601 0.000260709 0.000200647 0.999999940 243.468856812
0.999996006 0.001421694 0.002453550 -1.604728937 -0.001423710 0.999998689 0.000819951 -3.623295546 -0.002452380 -0.000823441 0.999996662 244.163711548
0.999986231 0.001921798 0.004887129 -1.601044774 -0.001922479 0.999998152 0.000134590 -3.631739378 -0.004886861 -0.000143983 0.999987960 244.881942749
0.999971151 0.001932480 0.007343635 -1.601361752 -0.001923359 0.999997377 -0.001248827 -3.645029545 -0.007346030 0.001234666 0.999972224 245.585601807
0.999956012 0.001574668 0.009251731 -1.597909570 -0.001543054 0.999992967 -0.003423281 -3.658706903 -0.009257057 0.003408854 0.999951303 246.295837402
0.999952734 0.000938999 0.009677336 -1.586023331 -0.000886217 0.999984860 -0.005457083 -3.669715643 -0.009682313 0.005448249 0.999938250 247.017318726
0.999948263 0.000691276 0.010150854 -1.582909465 -0.000632609 0.999983132 -0.005781592 -3.683348656 -0.010154679 0.005774871 0.999931693 247.738037109
0.999951839 0.000255417 0.009809555 -1.573551059 -0.000192391 0.999979377 -0.006425393 -3.699889660 -0.009810993 0.006423197 0.999931276 248.465652466
0.999949157 0.001876470 0.009907953 -1.568756819 -0.001808934 0.999975145 -0.006820927 -3.713059187 -0.009920506 0.006802658 0.999927640 249.201385498
0.999945402 0.002234868 0.010215938 -1.564592957 -0.002162268 0.999972403 -0.007112044 -3.728869915 -0.010231552 0.007089565 0.999922514 249.941467285
0.999943018 0.001031090 0.010628670 -1.562558174 -0.000935626 0.999959230 -0.008982873 -3.748708487 -0.010637499 0.008972415 0.999903083 250.683197021
0.999934673 -0.002826684 0.011074662 -1.553676963 0.002948694 0.999934912 -0.011016190 -3.768423796 -0.011042804 0.011048126 0.999877930 251.437591553
0.999914885 -0.005859572 0.011657325 -1.541202426 0.005998000 0.999911487 -0.011875407 -3.784754515 -0.011586708 0.011944317 0.999861538 252.202636719
0.999924004 -0.003790052 0.011731155 -1.523701072 0.003880911 0.999962568 -0.007731991 -3.801324844 -0.011701412 0.007776931 0.999901295 252.968673706
0.999918222 0.000585355 0.012775149 -1.537998796 -0.000559811 0.999997973 -0.002002947 -3.808172464 -0.012776295 0.001995631 0.999916375 253.762725830
0.999905586 -0.000163533 0.013741137 -1.532250166 0.000140087 0.999998569 0.001707157 -3.827276230 -0.013741398 -0.001705071 0.999904156 254.553192139
0.999866426 -0.001411511 0.016276697 -1.520147562 0.001423851 0.999998748 -0.000746555 -3.835621357 -0.016275624 0.000769631 0.999867260 255.347167969
0.999796152 -0.000531290 0.020179348 -1.507218719 0.000673700 0.999974906 -0.007051109 -3.845393181 -0.020175098 0.007063267 0.999771476 256.143218994
0.999717832 0.001821903 0.023682646 -1.488357067 -0.001573626 0.999943674 -0.010497909 -3.862204313 -0.023700433 0.010457679 0.999664366 256.973937988
0.999638438 0.003743994 0.026625589 -1.468276024 -0.003467651 0.999939740 -0.010417464 -3.876348972 -0.026662985 0.010321370 0.999591172 257.797424316
0.999559462 0.001767213 0.029630337 -1.440528989 -0.001529055 0.999966383 -0.008058375 -3.894793749 -0.029643577 0.008009518 0.999528468 258.626953125
0.999447942 -0.000822549 0.033211734 -1.415696144 0.000974304 0.999989152 -0.004553379 -3.915710926 -0.033207625 0.004583224 0.999437988 259.474456787
0.999352217 -0.003319639 0.035833631 -1.382835627 0.003441757 0.999988496 -0.003346742 -3.927923679 -0.035822108 0.003467905 0.999352157 260.317321777
0.999244332 -0.003142067 0.038741454 -1.351823330 0.003247784 0.999991119 -0.002666149 -3.945250511 -0.038732737 0.002789959 0.999245703 261.150695801
0.999136984 -0.000364915 0.041532725 -1.322163343 0.000567387 0.999988019 -0.004863318 -3.959319592 -0.041530441 0.004882687 0.999125302 261.999847412
0.999026239 0.000582439 0.044113580 -1.292810559 -0.000268871 0.999974668 -0.007113796 -3.975005388 -0.044116601 0.007095008 0.999001205 262.835327148
0.998920500 0.001681659 0.046421248 -1.253385544 -0.001331956 0.999970496 -0.007563162 -3.984604597 -0.046432599 0.007493167 0.998893261 263.680145264
0.998789847 0.001680160 0.049153123 -1.210870028 -0.001437475 0.999986649 -0.004972273 -4.016629696 -0.049160823 0.004895599 0.998778820 264.552185059
0.998637736 0.003230445 0.052078459 -1.170174837 -0.003051242 0.999989212 -0.003520147 -4.034235954 -0.052089266 0.003356448 0.998636782 265.389953613
0.998487830 0.003952767 0.054832079 -1.125033021 -0.003768322 0.999986827 -0.003466802 -4.053102970 -0.054845065 0.003254934 0.998489499 266.247253418
0.998312712 0.004764361 0.057868935 -1.084764957 -0.004513412 0.999979854 -0.004466429 -4.059916019 -0.057889044 0.004197707 0.998314202 267.104553223
0.998171449 0.002974277 0.060371988 -1.033564091 -0.002672234 0.999983490 -0.005083130 -4.074878693 -0.060386118 0.004912507 0.998162985 267.954833984
0.998044670 -0.000032507 0.062503733 -0.990114391 0.000295017 0.999991238 -0.004190683 -4.096045494 -0.062503047 0.004200929 0.998035967 268.794403076
0.998016655 -0.000944473 0.062942028 -0.921720445 0.001200477 0.999991179 -0.004029596 -4.115241051 -0.062937662 0.004097165 0.998009026 269.670104980
0.997988284 -0.001845338 0.063370816 -0.868530869 0.002095235 0.999990344 -0.003877172 -4.132569790 -0.063363038 0.004002149 0.997982502 270.516571045
0.997976422 -0.002162688 0.063547462 -0.815956950 0.002386332 0.999991238 -0.003443616 -4.153574944 -0.063539468 0.003588293 0.997972846 271.369110107
0.997976542 -0.001857193 0.063555196 -0.764343560 0.002065311 0.999992609 -0.003209069 -4.169523239 -0.063548766 0.003333836 0.997973144 272.263885498
0.998025060 -0.001081743 0.062806591 -0.713253796 0.001259742 0.999995172 -0.002794555 -4.185653210 -0.062803276 0.002868157 0.998021781 273.119079590
0.998106241 -0.001963569 0.061482403 -0.662159562 0.002162147 0.999992609 -0.003163484 -4.209946156 -0.061475743 0.003290428 0.998103142 273.976440430
0.998179078 -0.001452854 0.060302109 -0.616113961 0.001718414 0.999989092 -0.004352202 -4.225028992 -0.060295127 0.004447901 0.998170674 274.853271484
0.998275995 -0.000769029 0.058690611 -0.569501579 0.001075326 0.999985933 -0.005187441 -4.240542412 -0.058685806 0.005241609 0.998262703 275.713806152
0.998363435 0.000551455 0.057184048 -0.530654728 -0.000237841 0.999984860 -0.005490968 -4.260277748 -0.057186205 0.005468380 0.998348534 276.567413330
0.998449743 0.001965699 0.055626370 -0.488801599 -0.001655028 0.999982774 -0.005630474 -4.279009819 -0.055636477 0.005529682 0.998435736 277.427001953
0.998582244 0.002447154 0.053174704 -0.447264701 -0.002185948 0.999985218 -0.004969835 -4.299141884 -0.053186070 0.004846551 0.998572886 278.281433105
0.998731017 0.002029861 0.050322425 -0.410619646 -0.001847259 0.999991596 -0.003674885 -4.316386700 -0.050329447 0.003577262 0.998726308 279.135223389
0.998933852 0.001218986 0.046148960 -0.370790064 -0.001160305 0.999998629 -0.001298330 -4.332558155 -0.046150468 0.001243399 0.998933673 279.989074707
0.999152541 -0.000181553 0.041160800 -0.340083987 0.000163784 0.999999940 0.000435065 -4.351651192 -0.041160870 -0.000427954 0.999152422 280.820739746
0.999328315 -0.000836457 0.036637943 -0.317235351 0.000770160 0.999998093 0.001823605 -4.366871357 -0.036639392 -0.001794162 0.999326944 281.658386230
0.999488175 -0.000437587 0.031985030 -0.294052720 0.000361417 0.999997079 0.002387178 -4.381082058 -0.031985980 -0.002374396 0.999485493 282.501617432
0.999626637 -0.001083861 0.027299667 -0.275574416 0.001002863 0.999995053 0.002980515 -4.395936966 -0.027302755 -0.002952025 0.999622881 283.311950684
0.999743104 -0.001949414 0.022580015 -0.261285573 0.001885703 0.999994159 0.002842560 -4.407599449 -0.022585427 -0.002799251 0.999740958 284.120544434
0.999826908 -0.002190618 0.018477485 -0.253360838 0.002139481 0.999993801 0.002786812 -4.423330784 -0.018483477 -0.002746797 0.999825358 284.902770996
0.999892890 -0.001859970 0.014516716 -0.243799925 0.001825164 0.999995530 0.002410516 -4.437641621 -0.014521133 -0.002383763 0.999891758 285.678070068
