1.000000000 0.000000000 0.000000000 0.000000000 0.000000000 1.000000000 0.000000000 0.000000000 0.000000000 0.000000000 1.000000000 0.000000000
0.999979317 0.000361519 -0.006421835 -0.008401385 -0.000359109 0.999999881 0.000376408 -0.001511496 0.006421971 -0.000374094 0.999979317 0.090959683
0.999907136 0.000917271 -0.013595368 -0.015956288 -0.000915814 0.999999583 0.000113334 -0.001283711 0.013595467 -0.000100873 0.999907553 0.187937737
0.999772668 0.001380429 -0.021275708 -0.026007904 -0.001393288 0.999998868 -0.000589578 -0.001867519 0.021274870 0.000619088 0.999773502 0.285523474
0.999541938 0.001745278 -0.030212728 -0.043067534 -0.001806012 0.999996424 -0.001983040 -0.001960050 0.030209159 0.002036696 0.999541521 0.389347583
0.999126732 0.001974382 -0.041736394 -0.059251092 -0.002118609 0.999991953 -0.003411722 -0.005413296 0.041729320 0.003497166 0.999122858 0.501422822
0.998464406 0.001538590 -0.055375807 -0.079184592 -0.001756111 0.999990940 -0.003879642 -0.010850868 0.055369336 0.003970930 0.998458028 0.624643564
0.997425258 0.001782649 -0.071691707 -0.108063132 -0.002108553 0.999987781 -0.004470487 -0.003964775 0.071682855 0.004610142 0.997416794 0.760101736
0.995902777 0.000329230 -0.090429746 -0.134744674 -0.000716195 0.999990702 -0.004246759 -0.008031035 0.090427510 0.004294124 0.995893776 0.915981233
0.993912041 -0.000688320 -0.110174440 -0.175838143 0.000205204 0.999990344 -0.004396286 -0.012086795 0.110176399 0.004346913 0.993902564 1.074977875
0.991273165 -0.000739083 -0.131821528 -0.222709283 0.000126923 0.999989152 -0.004652196 -0.013859848 0.131823570 0.004594866 0.991262496 1.227277994
0.987767398 0.002748416 -0.155909926 -0.278336704 -0.003736205 0.999974787 -0.006042953 -0.018312190 0.155889392 0.006551543 0.987752795 1.396223903
0.983393073 0.007160948 -0.181347355 -0.344732046 -0.008633642 0.999935806 -0.007332749 -0.025623202 0.181283191 0.008776660 0.983391821 1.571055055
0.978006065 0.009993954 -0.208336666 -0.417254090 -0.012027028 0.999891639 -0.008494123 -0.028131561 0.208229169 0.010812975 0.978020310 1.752027273
0.971325457 0.010764803 -0.237509668 -0.495784253 -0.013229648 0.999873936 -0.008786375 -0.029339090 0.237385139 0.011676600 0.971345425 1.937496424
0.963290215 0.012582113 -0.268167347 -0.586975217 -0.015328413 0.999849319 -0.008149736 -0.034408089 0.268024355 0.011961141 0.963337898 2.134181499
0.953909338 0.014582796 -0.299740523 -0.680849493 -0.017555978 0.999819756 -0.007228394 -0.035451349 0.299581140 0.012157470 0.953993380 2.315087557
0.942626774 0.016483985 -0.333441377 -0.781119287 -0.019669481 0.999787509 -0.006179493 -0.035857413 0.333268642 0.012383575 0.942750514 2.506300211
0.930115640 0.018446276 -0.366803437 -0.882800698 -0.021983638 0.999743462 -0.005468272 -0.040771917 0.366608441 0.013149800 0.930282354 2.682399511
0.916295826 0.021480434 -0.399925739 -1.002490282 -0.025595646 0.999660134 -0.004951048 -0.040294614 0.399683475 0.014772983 0.916534126 2.860761404
0.900194526 0.022282228 -0.434917659 -1.118688703 -0.026767857 0.999632895 -0.004189823 -0.042145148 0.434664607 0.015413470 0.900460482 3.036495209
0.881802380 0.018091552 -0.471272141 -1.242100477 -0.022991138 0.999724925 -0.004640759 -0.044252515 0.471058518 0.014927313 0.881975651 3.212920666
0.860639095 0.013415271 -0.509038627 -1.378062844 -0.018403685 0.999819279 -0.004766004 -0.051466960 0.508882761 0.013469998 0.860730350 3.388252020
0.835569084 0.015071122 -0.549178660 -1.538182259 -0.019026157 0.999817729 -0.001510063 -0.055774067 0.549055874 0.011710523 0.835703552 3.568186522
0.806433022 0.020683127 -0.590963542 -1.716976166 -0.023721524 0.999715209 0.002618456 -0.062474906 0.590849400 0.011906950 0.806693971 3.733511925
0.773895741 0.023858743 -0.632863402 -1.918099284 -0.027118612 0.999621987 0.004523475 -0.064974554 0.632732093 0.013661679 0.774250209 3.907869816
0.738101363 0.022698324 -0.674307823 -2.127477407 -0.025953602 0.999649405 0.005240894 -0.066619493 0.674190402 0.013632407 0.738431692 4.070055485
0.697975397 0.018268663 -0.715888679 -2.344233274 -0.019881073 0.999783516 0.006129737 -0.062999457 0.715845644 0.009954230 0.698187590 4.239470482
0.655042648 0.014460385 -0.755453527 -2.581665754 -0.014449004 0.999873698 0.006610394 -0.060866036 0.755453765 0.006585462 0.655168891 4.401982784
0.611281395 0.014130007 -0.791287184 -2.843655348 -0.012055852 0.999890864 0.008541711 -0.059809450 0.791321456 0.004318252 0.611385047 4.536452293
0.562751472 0.014816561 -0.826493442 -3.121651173 -0.009604334 0.999889016 0.011385527 -0.058215473 0.826570332 0.001530696 0.562831342 4.679013729
0.512075067 0.015229274 -0.858805776 -3.419230223 -0.007899047 0.999884069 0.013021108 -0.051673904 0.858904421 0.000115962 0.512135983 4.800001621
0.459699839 0.016551981 -0.887920082 -3.722503662 -0.007570142 0.999862969 0.014719479 -0.042977836 0.888042033 -0.000044860 0.459762126 4.897691250
0.405144572 0.018727662 -0.914060771 -4.056247711 -0.006247241 0.999823511 0.017715804 -0.040584039 0.914231420 -0.001467102 0.405190021 4.994566917
0.349591494 0.020663768 -0.936674297 -4.409621716 -0.006140520 0.999785781 0.019764256 -0.032834440 0.936882138 -0.001157746 0.349643439 5.079158306
0.294496596 0.023808552 -0.955355883 -4.776339531 -0.003391484 0.999709368 0.023868436 -0.029585097 0.955646574 -0.003789098 0.294491678 5.148229599
0.240496740 0.025682343 -0.970310092 -5.108141422 0.001589446 0.999638081 0.026852552 -0.034033746 0.970648646 -0.008000206 0.240368903 5.205963135
0.189633906 0.026125830 -0.981507242 -5.495098591 0.003458044 0.999621928 0.027276129 -0.028785463 0.981848776 -0.008566574 0.189471841 5.239520550
0.142019272 0.027273731 -0.989488065 -5.910558701 0.000930132 0.999616206 0.027686397 -0.022295352 0.989863455 -0.004852357 0.141939402 5.259866238
0.099657498 0.027763752 -0.994634390 -6.331494331 -0.000058289 0.999610722 0.027896821 -0.014806603 0.995021820 -0.002722150 0.099620320 5.260722637
0.061958071 0.026227303 -0.997734070 -6.776803970 -0.001953076 0.999655902 0.026156537 -0.004478301 0.998076916 0.000328042 0.061987955 5.249829769
0.027286911 0.023215069 -0.999358058 -7.251495361 -0.000123067 0.999730408 0.023220358 0.002726821 0.999627650 -0.000510624 0.027282408 5.251664162
-0.003803190 0.020714836 -0.999778211 -7.725862980 0.000201179 0.999785423 0.020714223 0.006139171 0.999992788 -0.000122354 -0.003806546 5.220741272
-0.030609747 0.018819846 -0.999354243 -8.220453262 -0.000190347 0.999822676 0.018834502 0.013329087 0.999531448 0.000766743 -0.030600743 5.185016155
-0.051231388 0.016384451 -0.998552442 -8.725779533 -0.001258624 0.999863565 0.016470544 0.023200585 0.998686075 0.002100611 -0.051203784 5.138845444
-0.067764103 0.015353556 -0.997583210 -9.246502876 -0.000476265 0.999880910 0.015421271 0.037286773 0.997701228 0.001520123 -0.067748725 5.096452236
-0.080727130 0.015685275 -0.996612906 -9.783894539 -0.000056593 0.999876082 0.015741218 0.045877874 0.996736288 0.001327144 -0.080716237 5.041500092
-0.090418711 0.017127154 -0.995756626 -10.339305878 0.000202451 0.999852300 0.017179221 0.048959095 0.995903850 0.001351731 -0.090408832 4.983019829
-0.097393528 0.018422421 -0.995075524 -10.910332680 -0.001908765 0.999823332 0.018697141 0.047311641 0.995244086 0.003720346 -0.097341157 4.921007633
-0.101627104 0.019430444 -0.994632781 -11.514374733 -0.001672034 0.999804497 0.019702315 0.053263821 0.994821191 0.003665349 -0.101574741 4.846534252
-0.103096657 0.020103350 -0.994468272 -12.124085426 0.000443807 0.999796689 0.020165056 0.065045655 0.994671285 0.001637598 -0.103084601 4.780249596
-0.102010198 0.022369260 -0.994531870 -12.738585472 0.002167127 0.999749780 0.022264339 0.070604332 0.994781017 0.000115913 -0.102033131 4.717605591
-0.100452408 0.024719078 -0.994634807 -13.385073662 0.001514690 0.999693990 0.024691833 0.078774340 0.994940758 0.000973791 -0.100459106 4.648496628
-0.098831438 0.024721459 -0.994797111 -14.040720940 -0.000633523 0.999689639 0.024905976 0.082156055 0.995103955 0.003091721 -0.098785117 4.580118179
-0.097261332 0.022268414 -0.995009780 -14.707275391 -0.002222205 0.999742270 0.022591544 0.091891967 0.995256364 0.004408400 -0.097186789 4.513280392
-0.095989928 0.022028005 -0.995138526 -15.386264801 -0.002494917 0.999746680 0.022370663 0.105492443 0.995379210 0.004630147 -0.095910639 4.445210457
-0.094055235 0.024733396 -0.995259762 -16.095296860 -0.002951047 0.999680042 0.025122127 0.116601616 0.995562553 0.005299925 -0.093952142 4.372138977
-0.092261545 0.028385954 -0.995330095 -16.803209305 -0.003989416 0.999575019 0.028876808 0.122921392 0.995726824 0.006635005 -0.092109106 4.304990768
-0.090572000 0.030358637 -0.995427072 -17.534135818 -0.003852591 0.999517024 0.030833911 0.135986328 0.995882511 0.006627662 -0.090411305 4.234378815
-0.088761941 0.029536273 -0.995614886 -18.273704529 -0.005741302 0.999528408 0.030164229 0.148892537 0.996036351 0.008393561 -0.088550515 4.161719799
-0.086962290 0.026324449 -0.995863795 -19.030910492 -0.008515935 0.999594629 0.027166709 0.167603642 0.996175230 0.010843191 -0.086702868 4.084136009
-0.085339695 0.025848860 -0.996016622 -19.815511703 -0.009165005 0.999600768 0.026727140 0.181649938 0.996309817 0.011409382 -0.085068718 4.011359692
-0.083971702 0.028282810 -0.996066630 -20.582443237 -0.006701292 0.999558508 0.028946899 0.193144411 0.996445537 0.009105655 -0.083745092 3.953878880
-0.082906090 0.030440353 -0.996092319 -21.373094559 -0.004596818 0.999511003 0.030927429 0.205459297 0.996546745 0.007142928 -0.082725622 3.888345480
-0.081358783 0.032355491 -0.996159554 -22.172298431 -0.003644605 0.999456644 0.032760244 0.217264429 0.996678233 0.006295944 -0.081196651 3.817774773
-0.080725677 0.027632020 -0.996353209 -22.973688126 -0.003332338 0.999602616 0.027992126 0.228652239 0.996730804 0.005579869 -0.080601506 3.747354031
-0.080499150 0.020527989 -0.996543288 -23.772300720 -0.002142889 0.999782085 0.020767806 0.238366172 0.996752322 0.003807274 -0.080437608 3.683109522
-0.080841608 0.016263233 -0.996594310 -24.608634949 0.001099117 0.999867737 0.016227499 0.245417476 0.996726394 0.000216484 -0.080848791 3.618959427
-0.081332318 0.016808895 -0.996545315 -25.438776016 0.002447898 0.999858141 0.016664991 0.257825285 0.996684015 -0.001084039 -0.081361935 3.550546169
-0.081035838 0.024779491 -0.996403158 -26.269075394 0.001869821 0.999692976 0.024709232 0.258118212 0.996709466 0.000139237 -0.081057288 3.471661329
-0.081835896 0.031830605 -0.996137440 -27.125547409 0.000185489 0.999490321 0.031922501 0.268754423 0.996645808 0.002427634 -0.081800096 3.405358076
-0.081961967 0.037114184 -0.995944202 -27.960065842 -0.001524713 0.999300539 0.037364736 0.280195683 0.996634245 0.004581016 -0.081848033 3.322772026
-0.082445085 0.037450425 -0.995891750 -28.803369522 -0.003304096 0.999277949 0.037851285 0.292690367 0.996590137 0.006411174 -0.082261801 3.247886181
-0.082578421 0.033845734 -0.996009767 -29.644441605 -0.003593223 0.999406576 0.034259066 0.308438808 0.996578038 0.006407944 -0.082407795 3.167537928
-0.082665399 0.030995866 -0.996095300 -30.481580734 -0.003831431 0.999498904 0.031419747 0.326464683 0.996569932 0.006413795 -0.082505211 3.087127209
-0.082676902 0.032320730 -0.996052086 -31.325370789 -0.004736099 0.999449968 0.032824099 0.343108118 0.996565104 0.007431197 -0.082478344 3.000443459
-0.082713231 0.034457739 -0.995977461 -32.167366028 -0.005678049 0.999369562 0.035046645 0.355227500 0.996557176 0.008554030 -0.082465433 2.928373337
-0.082522199 0.033327419 -0.996031821 -32.993312836 -0.006903999 0.999397695 0.034012031 0.360320926 0.996565282 0.009683350 -0.082242392 2.852099419
-0.082329676 0.028098574 -0.996208966 -33.816238403 -0.007552239 0.999556184 0.028817123 0.373587608 0.996576488 0.009896111 -0.082080923 2.783672094
-0.082048871 0.023939831 -0.996340692 -34.649642944 -0.009157768 0.999651074 0.024773518 0.385179013 0.996586204 0.011156895 -0.081801012 2.705121040
-0.081470020 0.024637042 -0.996371269 -35.480384827 -0.008719944 0.999638557 0.025430834 0.392408818 0.996637642 0.010760151 -0.081225738 2.634392500
-0.080977634 0.027004696 -0.996350050 -36.314331055 -0.007355534 0.999589503 0.027690317 0.401144803 0.996688783 0.009570981 -0.080745764 2.564598560
-0.080047458 0.032163717 -0.996271968 -37.160701752 -0.006759584 0.999438763 0.032809068 0.412374020 0.996768177 0.009360665 -0.079785116 2.481109619
-0.079710223 0.037705094 -0.996104717 -37.992805481 -0.006543015 0.999243021 0.038347472 0.426436037 0.996796608 0.009574212 -0.079403177 2.417720556
-0.079795964 0.040883437 -0.995972455 -38.829086304 -0.007192007 0.999108911 0.041588400 0.441151232 0.996785283 0.010481628 -0.079430826 2.341252565
-0.079541445 0.040702667 -0.996000290 -39.660541534 -0.006404740 0.999124467 0.041341826 0.463684231 0.996811032 0.009667512 -0.079211131 2.271288872
-0.079575613 0.036314275 -0.996167123 -40.480224609 -0.006710523 0.999293923 0.036964316 0.481136680 0.996806264 0.009626260 -0.079275742 2.207624197
-0.079139583 0.032136429 -0.996345401 -41.306224823 -0.007526125 0.999432385 0.032833800 0.494954079 0.996835113 0.010097072 -0.078852803 2.131304264
-0.078674346 0.029481791 -0.996464312 -42.130012512 -0.012136092 0.999460161 0.030528616 0.504250586 0.996826470 0.014495003 -0.078274086 2.045925617
-0.079200909 0.027775759 -0.996471584 -42.955547333 -0.015189677 0.999462008 0.029066408 0.516168952 0.996742964 0.017438168 -0.078736387 1.971214414
-0.079974174 0.025809335 -0.996462762 -43.777332306 -0.013144527 0.999550462 0.026944261 0.522235930 0.996710300 0.015252875 -0.079598986 1.910455465
-0.081234276 0.022283264 -0.996445954 -44.607692719 -0.009620804 0.999685884 0.023140047 0.529269397 0.996648610 0.011466376 -0.080994390 1.845872164
-0.081489749 0.020799577 -0.996457160 -45.429626465 -0.005405903 0.999758363 0.021310573 0.538453341 0.996659517 0.007123344 -0.081357606 1.768941641
-0.083807409 0.024477202 -0.996181369 -46.255107880 -0.005011172 0.999675274 0.024984637 0.541459918 0.996469378 0.007085933 -0.083657533 1.698808432
-0.085631222 0.030767553 -0.995851755 -47.065429688 -0.002314413 0.999514163 0.031079723 0.546647429 0.996324241 0.004966205 -0.085518412 1.631883144
-0.087109193 0.034647178 -0.995596111 -47.859081268 -0.000652717 0.999392807 0.034836419 0.553665638 0.996198535 0.003684414 -0.087033682 1.559566140
-0.088356331 0.033533264 -0.995524347 -48.668426514 -0.000737351 0.999430776 0.033730291 0.566402733 0.996088624 0.003714335 -0.088281296 1.479435444
-0.089717634 0.029599067 -0.995527327 -49.465885162 -0.004055979 0.999539196 0.030083876 0.575607657 0.995959044 0.006736891 -0.089556217 1.401633859
-0.090667076 0.026274931 -0.995534599 -50.253025055 -0.008889365 0.999590874 0.027191564 0.579551876 0.995841563 0.011315048 -0.090396397 1.312783122
-0.092328988 0.025053835 -0.995413363 -51.038673401 -0.013018399 0.999567628 0.026365904 0.586659849 0.995643437 0.015393024 -0.091962904 1.230299115
-0.093001775 0.025814455 -0.995331168 -51.826778412 -0.014666451 0.999520004 0.027293490 0.596547604 0.995557904 0.017136322 -0.092578523 1.149899960
-0.094040088 0.027594998 -0.995185912 -52.614814758 -0.014674040 0.999468803 0.029100375 0.602880359 0.995460212 0.017340003 -0.093585193 1.071015596
-0.094999693 0.026950708 -0.995112419 -53.395675659 -0.016163256 0.999459922 0.028611494 0.610642314 0.995346069 0.018802345 -0.094512776 0.990225673
-0.095542014 0.026805216 -0.995064437 -54.175407410 -0.016976947 0.999448061 0.028553359 0.618309498 0.995280564 0.019621197 -0.095034212 0.908662975
-0.096065156 0.028594635 -0.994964182 -54.950634003 -0.015304546 0.999426723 0.030200562 0.626971662 0.995257378 0.018128701 -0.095572449 0.831317484
-0.096165083 0.031251736 -0.994874597 -55.723503113 -0.014824917 0.999351203 0.032825347 0.639676929 0.995254993 0.017905587 -0.095639370 0.753055334
-0.096477963 0.035722580 -0.994693875 -56.500717163 -0.014501983 0.999199390 0.037290957 0.648295105 0.995229423 0.018022792 -0.095882669 0.672826648
-0.096987329 0.037859738 -0.994565308 -57.264019012 -0.014498753 0.999116540 0.039446864 0.662088871 0.995180011 0.018245803 -0.096352726 0.596494675
-0.097685941 0.037810750 -0.994498730 -58.016956329 -0.014272898 0.999122083 0.039388511 0.673241138 0.995114923 0.018042082 -0.097060509 0.518036902
-0.097899534 0.036066264 -0.994542539 -58.756618500 -0.013575437 0.999201894 0.037571549 0.682742536 0.995103717 0.017179588 -0.097331777 0.441590726
-0.097848713 0.032121919 -0.994682729 -59.488777161 -0.013129451 0.999350369 0.033564225 0.700819671 0.995114684 0.016343851 -0.097363397 0.363212377
-0.097697444 0.029338274 -0.994783580 -60.213111877 -0.013941387 0.999427021 0.030844396 0.706006169 0.995118499 0.016882082 -0.097232446 0.286480188
-0.096469142 0.027057724 -0.994968116 -60.917953491 -0.014233231 0.999490738 0.028560724 0.715486348 0.995234191 0.016916838 -0.096034899 0.215311408
-0.094345756 0.026262427 -0.995193005 -61.614147186 -0.017123869 0.999461412 0.027998429 0.720099509 0.995392203 0.019683089 -0.093845233 0.143766433
-0.089889623 0.027307639 -0.995577276 -62.306735992 -0.017386960 0.999428749 0.028983129 0.723790467 0.995799959 0.019915340 -0.089363471 0.073196471
-0.084289767 0.029013699 -0.996018827 -62.954631805 -0.016982483 0.999389052 0.030549042 0.726963758 0.996296585 0.019489842 -0.083745554 0.024208834
-0.077280007 0.030417426 -0.996545315 -63.595359802 -0.015723515 0.999373138 0.031723056 0.734611988 0.996885478 0.018120756 -0.076753289 -0.019519594
-0.068532534 0.031689968 -0.997145534 -64.232368469 -0.017024927 0.999312699 0.032928947 0.740028262 0.997503698 0.019233033 -0.067945898 -0.063387968
-0.056458652 0.033371300 -0.997847140 -64.858901978 -0.018854856 0.999227345 0.034484275 0.748977602 0.998226941 0.020761199 -0.055785812 -0.105264641
-0.041621879 0.034849405 -0.998525500 -65.461204529 -0.022063494 0.999115705 0.035789683 0.757064939 0.998889863 0.023520596 -0.040816166 -0.131037816
-0.023274722 0.036352184 -0.999067962 -66.052925110 -0.023479357 0.999043167 0.036898263 0.762614965 0.999453366 0.024316274 -0.022398910 -0.140433073
-0.001007298 0.036908690 -0.999318242 -66.623710632 -0.024264093 0.999023497 0.036922265 0.778198183 0.999705136 0.024284741 -0.000110754 -0.130781993
0.024402566 0.037473466 -0.998999655 -67.134162903 -0.023808884 0.999035716 0.036893234 0.779486716 0.999418676 0.022884782 0.025271233 -0.101498909
0.053937633 0.036835305 -0.997864664 -67.659622192 -0.022415817 0.999112189 0.035669714 0.788957059 0.998292744 0.020444009 0.054715440 -0.056664739
0.088137135 0.036514178 -0.995438933 -68.164619446 -0.021340409 0.999167860 0.034761451 0.799308419 0.995879769 0.018179301 0.088842995 0.009865075
0.125507444 0.036663141 -0.991414964 -68.637893677 -0.020931840 0.999192357 0.034300897 0.808065712 0.991871834 0.016447121 0.126173496 0.098211482
0.166804105 0.036919810 -0.985298574 -69.091766357 -0.020859273 0.999207199 0.033909637 0.805377126 0.985769391 0.014896345 0.167442009 0.189742267
0.212006733 0.037868436 -0.976534247 -69.513816833 -0.020561498 0.999200583 0.034283478 0.813232005 0.977051854 0.012810679 0.212615907 0.301465392
0.259912431 0.036487877 -0.964942575 -69.947608948 -0.016531957 0.999307632 0.033334360 0.810396492 0.965490699 0.007288378 0.260335684 0.462453932
0.309812039 0.031642415 -0.950271130 -70.344703674 -0.009029238 0.999498904 0.030337855 0.808259308 0.950755000 -0.000818806 0.309942514 0.636690497
0.361552745 0.026865112 -0.931964517 -70.701896667 -0.004196359 0.999621689 0.027187448 0.802433372 0.932342172 -0.005918840 0.361528724 0.808343768
0.413837969 0.022053504 -0.910083413 -71.084632874 0.000811070 0.999697208 0.024593877 0.810810864 0.910350204 -0.010916020 0.413694829 1.025951266
0.465139180 0.021018192 -0.884988010 -71.465171814 0.000371116 0.999713421 0.023937939 0.827455878 0.885237396 -0.011462905 0.464998096 1.261326671
0.513197005 0.020071151 -0.858036041 -71.833213806 0.002177026 0.999692917 0.024686871 0.828331709 0.858267963 -0.014537195 0.512995720 1.521071196
0.558002234 0.015040589 -0.829703152 -72.185829163 0.010187347 0.999636233 0.024972402 0.842592835 0.829776883 -0.022387128 0.557646036 1.812573314
0.601343691 0.008871158 -0.798941135 -72.497749329 0.020514321 0.999437332 0.026538035 0.836156905 0.798726976 -0.032348212 0.600823402 2.120673180
0.644371033 0.003863157 -0.764703274 -72.826034546 0.021486403 0.999501050 0.023154661 0.842724025 0.764411032 -0.031350914 0.643966496 2.432075500
0.686426520 0.000181320 -0.727199137 -73.097633362 0.017874591 0.999693573 0.017121656 0.830039024 0.726979434 -0.024751147 0.686213017 2.710928679
0.727103949 -0.006865716 -0.686493039 -73.381851196 0.014725124 0.999875844 0.005596316 0.835638165 0.686369359 -0.014177798 0.727114856 3.051652670
0.766150832 -0.009365289 -0.642592490 -73.652702332 0.009953204 0.999946713 -0.002706436 0.839705944 0.642583549 -0.004322311 0.766203403 3.421363831
0.803011954 -0.010176904 -0.595875978 -73.905204773 0.008241118 0.999948144 -0.005972155 0.841765046 0.595905960 -0.000114969 0.803054273 3.816557407
0.836615086 -0.010694436 -0.547686815 -74.133026123 0.008375873 0.999942243 -0.006730922 0.823798418 0.547727168 0.001043839 0.836656332 4.237592220
0.867531419 -0.008485188 -0.497309953 -74.386016846 0.004562308 0.999948144 -0.009102576 0.816593885 0.497361481 0.005627890 0.867525160 4.688879490
0.893322170 -0.006994577 -0.449362457 -74.593421936 0.003943293 0.999962330 -0.007725797 0.804887652 0.449399590 0.005129657 0.893316150 5.167295456
0.914301634 -0.001144474 -0.405032337 -74.785240173 -0.001843342 0.999973893 -0.006986639 0.797069132 0.405029714 0.007134508 0.914275646 5.661734581
0.931717932 0.003448539 -0.363166422 -74.972419739 -0.006969053 0.999940574 -0.008384192 0.788987041 0.363115996 0.010342628 0.931686580 6.175047398
0.945119143 0.008259093 -0.326621503 -75.147552490 -0.011182087 0.999912441 -0.007072509 0.781498492 0.326534539 0.010336674 0.945128739 6.715036392
0.954947889 0.009022935 -0.296636432 -75.308448792 -0.011128196 0.999923468 -0.005409328 0.771253109 0.296564877 0.008466655 0.954975128 7.252000332
0.962196887 0.008210773 -0.272231102 -75.457366943 -0.009644135 0.999945760 -0.003927656 0.761025906 0.272184074 0.006404611 0.962223887 7.834352970
0.967967153 0.008761057 -0.250923961 -75.603607178 -0.009563008 0.999952376 -0.001976852 0.753157973 0.250894666 0.004313115 0.968004823 8.433697701
0.972557664 0.011510708 -0.232377037 -75.751022339 -0.011705902 0.999931335 0.000539006 0.746541619 0.232367292 0.002195969 0.972625554 9.052781105
0.975998461 0.016120158 -0.217179969 -75.890991211 -0.016132351 0.999868393 0.001716946 0.747022212 0.217179030 0.001827888 0.976130068 9.683716774
0.978755772 0.019781344 -0.204072878 -76.027465820 -0.019517394 0.999804080 0.003306194 0.734045029 0.204098329 0.000747014 0.978950083 10.333350182
0.981377423 0.018080022 -0.191236749 -76.148330688 -0.017777611 0.999836504 0.003297088 0.724255264 0.191265121 0.000164046 0.981538355 10.998376846
0.983951092 0.018127428 -0.177515328 -76.264266968 -0.017877787 0.999835670 0.003005839 0.717510343 0.177540660 0.000215983 0.984113455 11.677844048
0.986495435 0.018382961 -0.162753865 -76.374847412 -0.018055024 0.999830961 0.003493960 0.715986192 0.162790582 -0.000508251 0.986660480 12.371527672
0.988648176 0.019875858 -0.148928851 -76.477905273 -0.019488687 0.999801874 0.004058763 0.710315645 0.148979992 -0.001110260 0.988839567 13.084790230
0.990488708 0.020203400 -0.136102796 -76.577186584 -0.020216223 0.999794781 0.001288108 0.699991882 0.136100888 0.001475628 0.990693927 13.803832054
0.991949558 0.020348547 -0.124987841 -76.682777405 -0.021035226 0.999769986 -0.004176517 0.689493120 0.124874108 0.006772041 0.992149472 14.552434921
0.993164241 0.018577088 -0.115237080 -76.768379211 -0.019895440 0.999749064 -0.010300632 0.680892348 0.115016788 0.012522913 0.993284583 15.293358803
0.994080544 0.018469702 -0.107063785 -76.850692749 -0.019714352 0.999749720 -0.010578503 0.672114372 0.106841616 0.012626578 0.994195879 16.049860001
0.994760990 0.020227326 -0.100207105 -76.931190491 -0.020752167 0.999775887 -0.004197840 0.656325638 0.100099742 0.006255362 0.994957745 16.820243835
0.995139062 0.024858335 -0.095290616 -77.007232666 -0.024634682 0.999690354 0.003522956 0.641274571 0.095348679 -0.001158376 0.995443285 17.590066910
0.995516241 0.025816565 -0.090999365 -77.096969604 -0.025245966 0.999653757 0.007416080 0.628098965 0.091159299 -0.005085460 0.995823324 18.390588760
0.995846093 0.024775390 -0.087616839 -77.163337708 -0.024308527 0.999684095 0.006391571 0.618215978 0.087747507 -0.004235185 0.996133685 19.159296036
0.996115863 0.024880486 -0.084463336 -77.230728149 -0.024511427 0.999684989 0.005403858 0.608982384 0.084571175 -0.003312554 0.996411860 19.924144745
0.996404886 0.023780933 -0.081312202 -77.296173096 -0.023231814 0.999700487 0.007692846 0.602101862 0.081470795 -0.005776159 0.996658981 20.691698074
0.996662378 0.021541096 -0.078740448 -77.372550964 -0.020791892 0.999730468 0.010322486 0.591694176 0.078941599 -0.008650870 0.996841669 21.484882355
0.996911347 0.018984850 -0.076205745 -77.416366577 -0.018095380 0.999759912 0.012345676 0.582081974 0.076421842 -0.010928574 0.997015655 22.241439819
0.997160316 0.017875623 -0.073157459 -77.487815857 -0.017307853 0.999815047 0.008387614 0.572301209 0.073293872 -0.007097596 0.997285128 23.002265930
0.997229040 0.020541755 -0.071500704 -77.548660278 -0.020522913 0.999789000 0.000998228 0.565945089 0.071506120 0.000471941 0.997439981 23.754444122
0.997348785 0.021488855 -0.069525883 -77.608100891 -0.021975515 0.999738991 -0.006242311 0.549364984 0.069373608 0.007753625 0.997560561 24.502599716
0.997384608 0.022248102 -0.068767279 -77.659286499 -0.023048950 0.999675214 -0.010874271 0.540429771 0.068503015 0.012430844 0.997573435 25.259077072
0.997491539 0.024458213 -0.066425160 -77.720596313 -0.025104782 0.999644995 -0.008916464 0.516302168 0.066183493 0.010561688 0.997751594 26.012166977
0.997569442 0.027559135 -0.063997276 -77.779449463 -0.027924441 0.999598384 -0.004820594 0.497250944 0.063838720 0.006595967 0.997938454 26.773525238
0.997634530 0.030744197 -0.061483726 -77.837478638 -0.030784775 0.999525905 0.000287429 0.480413467 0.061463408 0.001606013 0.998108089 27.532508850
0.997854888 0.028485529 -0.058942694 -77.882087708 -0.028399019 0.999593973 0.002305071 0.465990841 0.058984410 -0.000626211 0.998258710 28.275445938
0.998029232 0.025688488 -0.057251994 -77.930221558 -0.025590504 0.999669611 0.002444100 0.451549292 0.057295855 -0.000974176 0.998356700 29.028575897
0.998126388 0.024094956 -0.056242306 -77.972244263 -0.023995513 0.999709129 0.002442784 0.436502248 0.056284804 -0.001088644 0.998414218 29.778566360
0.998154640 0.024073984 -0.055747405 -78.011344910 -0.024080520 0.999709904 0.000554544 0.425314903 0.055744573 0.000788906 0.998444796 30.529432297
0.998274922 0.021877317 -0.054483581 -78.064910889 -0.021967225 0.999758184 -0.001051760 0.418183476 0.054447390 0.002246799 0.998514116 31.281198502
0.998325288 0.020784281 -0.053986788 -78.106819153 -0.020865837 0.999781907 -0.000947415 0.405894011 0.053955320 0.002072308 0.998541236 32.043647766
0.998304009 0.024050035 -0.053017013 -78.159225464 -0.024083570 0.999709964 0.000006274 0.395713687 0.053001784 0.001270575 0.998593628 32.813346863
0.998312891 0.024037629 -0.052854851 -78.208786011 -0.024129448 0.999708295 -0.001099643 0.386413068 0.052813001 0.002373146 0.998601615 33.584461212
0.998244822 0.023861879 -0.054202545 -78.256538391 -0.023948230 0.999712765 -0.000944073 0.372145981 0.054164447 0.002240471 0.998529494 34.345859528
0.998178363 0.021730402 -0.056283265 -78.302612305 -0.021785967 0.999762535 -0.000373758 0.361182362 0.056261770 0.001599263 0.998414755 35.129489899
0.997975588 0.023170795 -0.059228506 -78.361541748 -0.023243036 0.999729753 -0.000530947 0.349919945 0.059200194 0.001906522 0.998244286 35.923526764
0.997716844 0.027098419 -0.061860934 -78.420173645 -0.027187992 0.999630094 -0.000606538 0.334396541 0.061821613 0.002287028 0.998084545 36.714260101
0.997525990 0.027857170 -0.064544320 -78.482749939 -0.028281804 0.999583840 -0.005674541 0.324860603 0.064359382 0.007485931 0.997898698 37.512248993
0.997356951 0.028538797 -0.066819079 -78.547790527 -0.029223168 0.999529839 -0.009287083 0.315014958 0.066522613 0.011215203 0.997721910 38.317523956
0.997239590 0.027872346 -0.068821020 -78.606803894 -0.028707486 0.999525428 -0.011175751 0.303282350 0.068476871 0.013120580 0.997566342 39.126091003
0.997045159 0.027993875 -0.071536541 -78.665855408 -0.028733216 0.999543667 -0.009326909 0.280677766 0.071242809 0.011354824 0.997394383 39.960285187
0.996947408 0.026229206 -0.073539175 -78.735786438 -0.026952859 0.999597430 -0.008865205 0.265379757 0.073277041 0.010820234 0.997252941 40.784328461
0.996828496 0.025641967 -0.075336985 -78.801567078 -0.026268138 0.999628007 -0.007332349 0.252774298 0.075120956 0.009288053 0.997131228 41.621597290
0.996763110 0.024773488 -0.076483481 -78.866264343 -0.025100851 0.999679387 -0.003321753 0.237085000 0.076376677 0.005230802 0.997065306 42.457744598
0.996708453 0.024514200 -0.077274799 -78.940330505 -0.024471335 0.999699354 0.001501742 0.220905006 0.077288374 0.000394218 0.997008681 43.301967621
0.996792734 0.024383191 -0.076221809 -79.013000488 -0.024151940 0.999700546 0.003954378 0.205525577 0.076295398 -0.002100791 0.997083068 44.154304504
0.996834815 0.027604861 -0.074553646 -79.079460144 -0.027399596 0.999617517 0.003774831 0.197144940 0.074629322 -0.001720143 0.997209907 45.007621765
0.996989369 0.027129691 -0.072639108 -79.149932861 -0.027023528 0.999631822 0.002444188 0.189857990 0.072678678 -0.000473864 0.997355282 45.873313904
0.997159481 0.024819301 -0.071112700 -79.210922241 -0.024876067 0.999690592 0.000087395 0.178334281 0.071092859 0.001681857 0.997468293 46.734447479
0.997331798 0.021033831 -0.069905356 -79.264381409 -0.021214480 0.999773264 -0.001842716 0.168147847 0.069850735 0.003320805 0.997551918 47.608203888
0.997531116 0.019758504 -0.067389250 -79.335227966 -0.019919649 0.999800146 -0.001720097 0.154710650 0.067341790 0.003058220 0.997725308 48.484218597
0.997641563 0.017387116 -0.066400774 -79.395187378 -0.017366199 0.999848843 0.000892226 0.139131889 0.066406243 0.000263007 0.997792661 49.358390808
0.997761548 0.014941568 -0.065181211 -79.457550049 -0.014778763 0.999886334 0.002979189 0.132163197 0.065218307 -0.002009223 0.997869015 50.235969543
0.997800171 0.014169582 -0.064761326 -79.512184143 -0.013958324 0.999895692 0.003713435 0.109502189 0.064807184 -0.002801307 0.997893810 51.117359161
0.997843385 0.016139410 -0.063624680 -79.571228027 -0.016154312 0.999869466 0.000280303 0.095402166 0.063620895 0.000748115 0.997973859 51.986431122
0.997857630 0.018426148 -0.062775262 -79.640586853 -0.018787958 0.999810040 -0.005178063 0.076489463 0.062667914 0.006346389 0.998014212 52.849918365
0.997870862 0.019598417 -0.062207289 -79.691665649 -0.020327609 0.999731600 -0.011110728 0.063342318 0.061972838 0.012351598 0.998001397 53.715801239
0.997815251 0.024523152 -0.061346468 -79.758018494 -0.025575915 0.999537706 -0.016434845 0.032750733 0.060915075 0.017967930 0.997981191 54.566947937
0.997874796 0.025066033 -0.060146589 -79.818855286 -0.026148917 0.999508619 -0.017284932 0.007030778 0.059683777 0.018820966 0.998039901 55.410209656
0.997970998 0.021925433 -0.059777327 -79.873756409 -0.022642503 0.999679327 -0.011344772 -0.014018261 0.059509415 0.012675261 0.998147309 56.263668060
0.997941673 0.021466665 -0.060428672 -79.927322388 -0.021654110 0.999762535 -0.002448750 -0.035349064 0.060361747 0.003752239 0.998169541 57.113491058
0.997876227 0.020651849 -0.061778635 -79.985549927 -0.020322932 0.999775767 0.005947884 -0.062757991 0.061887611 -0.004679732 0.998072207 57.957496643
0.997803569 0.018282063 -0.063670613 -80.051353455 -0.018086029 0.999829710 0.003653988 -0.074675858 0.063726574 -0.002494413 0.997964323 58.803569794
0.997761726 0.013493761 -0.065493733 -80.102958679 -0.013525519 0.999908507 -0.000041483 -0.088892914 0.065487161 0.000927227 0.997852981 59.635509491
0.997594118 0.011851163 -0.068304300 -80.158103943 -0.011982261 0.999927044 -0.001509973 -0.104988396 0.068281420 0.002324781 0.997663379 60.464580536
0.997374058 0.013901475 -0.071074359 -80.226852417 -0.014198620 0.999892354 -0.003677218 -0.124922059 0.071015589 0.004676721 0.997464180 61.290466309
0.997126102 0.015703503 -0.074113429 -80.299560547 -0.016304277 0.999838889 -0.007508096 -0.139216602 0.073983580 0.008694885 0.997221589 62.109973907
0.996857464 0.016152665 -0.077551797 -80.378135681 -0.017037502 0.999796808 -0.010761526 -0.158420652 0.077362210 0.012048998 0.996930242 62.910636902
0.996523738 0.018318342 -0.081270300 -80.446334839 -0.019556226 0.999704182 -0.014461838 -0.183360487 0.080981351 0.016000906 0.996587157 63.707862854
0.996181607 0.022579193 -0.084335171 -80.526832581 -0.023868315 0.999612749 -0.014308700 -0.208867371 0.083979428 0.016267003 0.996334672 64.514503479
0.995780706 0.026425745 -0.087877847 -80.611328125 -0.027643407 0.999537587 -0.012668021 -0.227797836 0.087502457 0.015043810 0.996050656 65.314010620
0.995363832 0.029511511 -0.091542460 -80.698921204 -0.030278731 0.999516904 -0.007003234 -0.246152103 0.091291577 0.009742554 0.995776474 66.113540649
0.994950712 0.029705010 -0.095868587 -80.781127930 -0.029933669 0.999551594 -0.000947575 -0.271871805 0.095797420 0.003812490 0.995393455 66.929008484
0.994463980 0.029348761 -0.100897096 -80.867050171 -0.029230755 0.999569178 0.002648101 -0.286628753 0.100931346 0.000315858 0.994893312 67.725074768
0.993808091 0.028993852 -0.107260503 -80.960044861 -0.028737994 0.999579251 0.003930626 -0.300605565 0.107329324 -0.000823836 0.994223177 68.515815735
0.993270814 0.026114251 -0.112832136 -81.051872253 -0.025411757 0.999647677 0.007660020 -0.312778831 0.112992421 -0.004741212 0.993584573 69.296089172
0.992463171 0.026886592 -0.119557142 -81.150505066 -0.026224524 0.999630809 0.007107817 -0.321453184 0.119704098 -0.003918918 0.992801905 70.077293396
0.991627097 0.031375933 -0.125264972 -81.270187378 -0.030786002 0.999503970 0.006643010 -0.334535778 0.125411272 -0.002730981 0.992101133 70.848526001
0.990792155 0.032853764 -0.131345168 -81.379440308 -0.032757331 0.999459147 0.002895314 -0.342932850 0.131369248 0.001433863 0.991332471 71.618835449
0.990013301 0.031819180 -0.137336597 -81.490936279 -0.032095410 0.999484777 0.000203173 -0.353913665 0.137272298 0.004206730 0.990524411 72.385124207
0.989170253 0.033297792 -0.142946050 -81.607315063 -0.033845533 0.999426067 -0.001401289 -0.362506151 0.142817333 0.006224199 0.989729464 73.155593872
0.988453031 0.035400059 -0.147334844 -81.728744507 -0.035220291 0.999372184 0.003829604 -0.372624010 0.147377953 0.001403794 0.989079297 73.920837402
0.987486303 0.036320522 -0.153465599 -81.856452942 -0.035521545 0.999337316 0.007945832 -0.382132113 0.153652504 -0.002395063 0.988122106 74.682556152
0.986494601 0.034804747 -0.160053551 -81.979965210 -0.033553172 0.999381602 0.010516514 -0.398025930 0.160320625 -0.005004180 0.987052321 75.439613342
0.985376358 0.032676075 -0.167229712 -82.112335205 -0.032062605 0.999465644 0.006367750 -0.401312858 0.167348415 -0.000912810 0.985897362 76.186843872
0.984034717 0.030354746 -0.175369129 -82.248497009 -0.030888774 0.999522805 -0.000315689 -0.411817014 0.175275832 0.005727586 0.984502733 76.913543701
0.982444704 0.027661541 -0.184492469 -82.395812988 -0.028538026 0.999590516 -0.002096646 -0.420867264 0.184358925 0.007324889 0.982831657 77.657974243
0.980364382 0.027459104 -0.195273876 -82.546661377 -0.027861692 0.999611557 0.000685350 -0.433768392 0.195216849 0.004768768 0.980748475 78.393615723
0.978036106 0.027367320 -0.206631452 -82.709419250 -0.026540684 0.999624789 0.006772004 -0.439205408 0.206739247 -0.001139124 0.978395402 79.133422852
0.975529313 0.028671648 -0.217991710 -82.882865906 -0.026075846 0.999550760 0.014775855 -0.448858202 0.218317434 -0.008729962 0.975838721 79.843849182
0.972971082 0.029351549 -0.229054153 -83.066749573 -0.025855726 0.999499083 0.018248826 -0.455312610 0.229475051 -0.011833220 0.973242521 80.571083069
0.970101118 0.032709263 -0.240487024 -83.259849548 -0.030171931 0.999443471 0.014226277 -0.465373009 0.240818515 -0.006544969 0.970548034 81.284317017
0.967059195 0.032321047 -0.252491266 -83.457893372 -0.032064822 0.999472678 0.005130542 -0.472989529 0.252523929 0.003134547 0.967585564 81.988372803
0.963928044 0.030144330 -0.264450192 -83.671569824 -0.031186434 0.999513566 0.000257818 -0.472276896 0.264329284 0.007998739 0.964399278 82.695594788
0.960513592 0.028539894 -0.276765317 -83.879867554 -0.028250759 0.999588132 0.005032777 -0.473464668 0.276794940 0.002984780 0.960924387 83.422897339
0.957092881 0.029820468 -0.288242847 -84.104034424 -0.027433760 0.999547660 0.012317140 -0.478648663 0.288479805 -0.003881064 0.957478166 84.146835327
0.953534603 0.029685644 -0.299817383 -84.342926025 -0.025562253 0.999517143 0.017666807 -0.482251018 0.300197065 -0.009181904 0.953833044 84.856849670
0.949478805 0.027182959 -0.312651545 -84.583885193 -0.023427587 0.999601305 0.015762357 -0.482824236 0.312955320 -0.007641354 0.949737132 85.570419312
0.945841968 0.025715703 -0.323607415 -84.840614319 -0.023251226 0.999663711 0.011480185 -0.486591250 0.323793828 -0.003334171 0.946121871 86.262634277
0.942714334 0.021198975 -0.332926899 -85.087982178 -0.020793136 0.999772370 0.004782319 -0.498075634 0.332952499 0.002414234 0.942940533 86.961090088
0.939984262 0.017121220 -0.340787888 -85.346855164 -0.018577147 0.999826849 -0.001009344 -0.503808200 0.340711683 0.007279635 0.940139711 87.664443970
0.937327385 0.016579567 -0.348055363 -85.614898682 -0.018935448 0.999815047 -0.003367898 -0.508461177 0.347935230 0.009747407 0.937467992 88.367698669
0.934279263 0.022107637 -0.355856001 -85.904541016 -0.024799159 0.999687910 -0.003002909 -0.525996566 0.355678588 0.011630486 0.934536099 89.075347900
0.931266069 0.022247016 -0.363660097 -86.174919128 -0.024121221 0.999708891 -0.000612480 -0.538318753 0.363540500 0.009342307 0.931531549 89.760940552
0.928162217 0.022445444 -0.371498615 -86.461235046 -0.021809427 0.999744773 0.005913964 -0.539844632 0.371536493 0.002613056 0.928414702 90.467041016
0.925404012 0.024514437 -0.378188491 -86.751403809 -0.020652436 0.999684989 0.014265028 -0.547229826 0.378419042 -0.005390399 0.925618708 91.176902771
0.922895014 0.034900557 -0.383466810 -87.073013306 -0.029028520 0.999356031 0.021091271 -0.557238877 0.383955956 -0.008333554 0.923313797 91.877418518
0.920169473 0.041298002 -0.389336109 -87.383430481 -0.037237007 0.999144733 0.017975010 -0.553325236 0.389745444 -0.002042342 0.920920312 92.561286926
0.917834818 0.037881270 -0.395151258 -87.687660217 -0.036719128 0.999270380 0.010506207 -0.553331316 0.395260990 0.004866648 0.918555975 93.249687195
0.915922046 0.030129274 -0.400223732 -87.986885071 -0.031495046 0.999498904 0.003166135 -0.557324946 0.400118560 0.009705134 0.916411936 93.937553406
0.914038360 0.030565634 -0.404474646 -88.297424316 -0.032366894 0.999473155 0.002385679 -0.558828771 0.404334545 0.010910987 0.914546072 94.637367249
0.912081540 0.036903348 -0.408344775 -88.644691467 -0.037123032 0.999283373 0.007389985 -0.563916206 0.408324867 0.008418728 0.912797868 95.335601807
0.909668446 0.039477363 -0.413454801 -88.972724915 -0.038017210 0.999207854 0.011761948 -0.570313275 0.413591623 0.005018929 0.910448670 96.045387268
0.907442391 0.035696313 -0.418657482 -89.295318604 -0.034767877 0.999346912 0.009848500 -0.579870164 0.418735564 0.005618887 0.908090830 96.742752075
0.905165255 0.034196295 -0.423682064 -89.630187988 -0.036024775 0.999344110 0.003694944 -0.589795232 0.423530489 0.011918520 0.905803442 97.430824280
0.903059602 0.031527229 -0.428356826 -89.966880798 -0.036237057 0.999339223 -0.002843020 -0.595606565 0.427984118 0.018089809 0.903605223 98.123764038
