1.000000000 0.000000000 0.000000000 0.000000000 0.000000000 1.000000000 0.000000000 0.000000000 0.000000000 0.000000000 1.000000000 0.000000000
0.999933839 -0.002431234 0.011245350 0.015300567 0.002420356 0.999996603 0.000980810 -0.003328443 -0.011247696 -0.000953527 0.999936283 0.294211775
0.999827802 -0.004544385 0.017992044 0.024596101 0.004525328 0.999989152 0.001099792 -0.007486993 -0.017996848 -0.001018183 0.999837518 0.583129048
0.999779105 -0.007367377 0.019685455 0.039771385 0.007372245 0.999972820 -0.000174755 -0.010300788 -0.019683631 0.000319842 0.999806225 0.886848927
0.999815166 -0.008598652 0.017196087 0.048672289 0.008631775 0.999961019 -0.001852924 -0.009745694 -0.017179484 0.002001014 0.999850392 1.202044487
0.999876201 -0.011458451 0.010784748 0.050054856 0.011495480 0.999928236 -0.003377783 -0.011303067 -0.010745270 0.003501341 0.999936163 1.518019676
0.999912143 -0.013153465 -0.001625285 0.045830991 0.013144713 0.999899626 -0.005281730 -0.014382456 0.001694595 0.005259901 0.999984741 1.843096375
0.999756694 -0.012281882 -0.018323302 0.027998455 0.012180569 0.999909937 -0.005630501 -0.019019486 0.018390806 0.005405942 0.999816298 2.181818008
0.999247193 -0.008026202 -0.037955217 -0.004146249 0.007824501 0.999954522 -0.005459724 -0.025231143 0.037997309 0.005158633 0.999264479 2.522801876
0.998326957 -0.004310026 -0.057660729 -0.043439705 0.003922928 0.999969006 -0.006824894 -0.029550347 0.057688367 0.006587276 0.998312831 2.875027180
0.996921897 -0.004076126 -0.078295380 -0.079161361 0.003505949 0.999966383 -0.007418458 -0.030721106 0.078322969 0.007121124 0.996902525 3.237910271
0.995028436 -0.005655348 -0.099430747 -0.129220620 0.004997746 0.999963999 -0.006861509 -0.034100082 0.099465966 0.006330467 0.995020807 3.611348629
0.992895126 -0.007214285 -0.118774034 -0.191865042 0.006561358 0.999961138 -0.005887343 -0.041945148 0.118811883 0.005066195 0.992903829 3.997400999
0.990642607 -0.005918893 -0.136353254 -0.267693132 0.005171312 0.999969602 -0.005836245 -0.040869959 0.136383653 0.005076507 0.990643084 4.392010689
0.988236666 -0.004898192 -0.152854279 -0.333065152 0.004186171 0.999978840 -0.004979653 -0.050757360 0.152875438 0.004281201 0.988236189 4.804021358
0.986101449 -0.004141609 -0.166092560 -0.417729646 0.003404357 0.999983072 -0.004723257 -0.062138122 0.166109338 0.004092174 0.986098826 5.223441124
0.983977556 -0.005840191 -0.178196460 -0.507460535 0.004914960 0.999972105 -0.005633207 -0.068672881 0.178224370 0.004667121 0.983978748 5.656786442
0.982046604 -0.009868103 -0.188380063 -0.590279400 0.008495277 0.999931216 -0.008093558 -0.073619165 0.188446969 0.006347910 0.982062876 6.107730389
0.980531991 -0.008815290 -0.196161538 -0.689009309 0.007014513 0.999926627 -0.009872933 -0.081612118 0.196234182 0.008304749 0.980521917 6.566056252
0.979069114 -0.008419461 -0.203353778 -0.798729897 0.006196217 0.999913871 -0.011567082 -0.089088053 0.203433663 0.010064949 0.979036987 7.031568527
0.977361202 -0.009301727 -0.211372644 -0.911349297 0.006413724 0.999876440 -0.014344576 -0.098784998 0.211479962 0.012664149 0.977300286 7.513804436
0.975653887 -0.012981439 -0.218931243 -1.029083610 0.009694924 0.999823749 -0.016079292 -0.109719917 0.219101384 0.013565304 0.975607872 8.008599281
0.973639369 -0.019619631 -0.227247328 -1.139684200 0.016047027 0.999716997 -0.017558224 -0.121192820 0.227527514 0.013448738 0.973678768 8.526525497
0.971545577 -0.020001097 -0.236006737 -1.255760312 0.015787859 0.999680698 -0.019728620 -0.137788057 0.236325964 0.015441208 0.971551120 9.035913467
0.969423413 -0.016000690 -0.244871974 -1.406004786 0.010308551 0.999646485 -0.024509482 -0.144881591 0.245177567 0.021235786 0.969245553 9.565162659
0.967225969 -0.012950609 -0.253586799 -1.562149525 0.006218473 0.999607086 -0.027331281 -0.164118901 0.253841102 0.024858600 0.966926396 10.109554291
0.964888930 -0.015564469 -0.262196988 -1.717484474 0.008098567 0.999531090 -0.029531045 -0.178679526 0.262533665 0.026370756 0.964562416 10.678464890
0.962571502 -0.018793112 -0.270375609 -1.872588515 0.010774284 0.999457836 -0.031111928 -0.203447938 0.270813704 0.027034348 0.962252080 11.233403206
0.960330665 -0.018359391 -0.278258681 -2.048960924 0.009393501 0.999393880 -0.033520598 -0.224897370 0.278705478 0.029577035 0.959921122 11.807583809
0.958108306 -0.017360281 -0.285879523 -2.242318392 0.007032395 0.999286234 -0.037113868 -0.252079904 0.286319792 0.033548683 0.957546592 12.396689415
0.955708086 -0.018069530 -0.293761134 -2.428589821 0.005847313 0.999082267 -0.042431153 -0.281951606 0.294258267 0.038834080 0.954936624 12.999654770
0.953785598 -0.020188253 -0.299809098 -2.615070343 0.005520580 0.998749375 -0.049690139 -0.319333613 0.300437361 0.045738615 0.952704191 13.607603073
0.952448845 -0.021002483 -0.303974003 -2.821758032 0.003539471 0.998316824 -0.057886429 -0.354699999 0.304678142 0.054057952 0.950920105 14.222368240
0.951123238 -0.020915288 -0.308102429 -3.034000397 0.000452089 0.997796953 -0.066339046 -0.398064822 0.308811188 0.062957309 0.949037433 14.842517853
0.949888110 -0.020728996 -0.311901987 -3.260537624 -0.002948140 0.997160375 -0.075249732 -0.445601225 0.312576145 0.072398350 0.947129667 15.486950874
0.948718727 -0.019858448 -0.315497190 -3.493356466 -0.006402414 0.996613204 -0.081982598 -0.503274381 0.316056669 0.079798371 0.945378423 16.128469467
0.946956635 -0.018155491 -0.320848137 -3.723428488 -0.010938646 0.996003330 -0.088644281 -0.561929405 0.321175128 0.087451950 0.942973316 16.787061691
0.945384800 -0.017032387 -0.325511038 -3.972544432 -0.014652333 0.995403767 -0.094639473 -0.628049910 0.325626850 0.094240218 0.940790057 17.459058762
0.943816125 -0.015746778 -0.330095649 -4.230482578 -0.018436689 0.994799554 -0.100170143 -0.698532581 0.329956383 0.100628063 0.938617527 18.137392044
0.941984773 -0.013255049 -0.335393906 -4.484034538 -0.022623643 0.994440436 -0.102841720 -0.777750254 0.334892452 0.104463145 0.936447859 18.826704025
0.940255046 -0.011926048 -0.340261847 -4.745411873 -0.025131036 0.994229078 -0.104292654 -0.854312778 0.339541972 0.106612824 0.934529185 19.518358231
0.937993765 -0.011642668 -0.346456498 -5.017995834 -0.025858294 0.994301379 -0.103422053 -0.935527682 0.345686227 0.105968021 0.932347476 20.233575821
0.935616672 -0.011395449 -0.352833599 -5.289507866 -0.026249079 0.994466484 -0.101723470 -1.020743847 0.352040350 0.104435757 0.930140197 20.940578461
0.933133721 -0.011843425 -0.359334320 -5.582036018 -0.025864143 0.994656384 -0.099948257 -1.101956606 0.358597994 0.102558963 0.927841127 21.662916183
0.929967701 -0.010876272 -0.367480278 -5.874191761 -0.026649313 0.994938493 -0.096887454 -1.183211923 0.366674036 0.099895298 0.924970865 22.383337021
0.926562130 -0.009329853 -0.376025915 -6.183160305 -0.027013402 0.995460391 -0.091262586 -1.259572387 0.375170350 0.094718210 0.922103941 23.124677658
0.923121154 -0.005592961 -0.384468317 -6.510119438 -0.029917749 0.995818198 -0.086319938 -1.335839868 0.383343309 0.091186203 0.919093609 23.867218018
0.919522405 -0.001807906 -0.393033445 -6.835077763 -0.033106752 0.996079206 -0.082036830 -1.420352459 0.391640782 0.088446766 0.915857255 24.603290558
0.915644765 -0.000993437 -0.401987165 -7.175403595 -0.034239374 0.996170163 -0.080452166 -1.490867734 0.400527537 0.087429389 0.912104070 25.362344742
0.911808193 -0.001229562 -0.410614640 -7.534359455 -0.034600712 0.996208787 -0.079817221 -1.561834693 0.409156024 0.086985551 0.908308744 26.113891602
0.907739162 -0.001261611 -0.419533044 -7.887621880 -0.034895878 0.996303141 -0.078499898 -1.636392713 0.418081194 0.085897401 0.904339433 26.878173828
0.903621912 -0.000806969 -0.428330183 -8.259553909 -0.035484467 0.996419787 -0.076736622 -1.703325272 0.426858604 0.084539965 0.900358081 27.658573151
0.899787664 -0.001525124 -0.436325282 -8.649905205 -0.034281969 0.996655524 -0.074179776 -1.781722069 0.434979111 0.081704147 0.896726072 28.440719604
0.896167517 -0.000886617 -0.443714947 -9.041955948 -0.033638146 0.996984541 -0.069930837 -1.853389621 0.442438930 0.077595495 0.893435359 29.207511902
0.892155647 0.000825995 -0.451727360 -9.447143555 -0.033574037 0.997353852 -0.064484596 -1.914381862 0.450478703 0.072696619 0.889822543 30.005975723
0.888330698 0.001032566 -0.459203094 -9.864407539 -0.032216977 0.997673452 -0.060080521 -1.980418205 0.458072722 0.068165518 0.886297226 30.808702469
0.884649932 0.000250111 -0.466255724 -10.298349380 -0.031081244 0.997807086 -0.058436729 -2.042193174 0.465218663 0.066187851 0.882717848 31.614843369
0.881159663 -0.000652407 -0.472818226 -10.739504814 -0.030142490 0.997887433 -0.057551470 -2.096876621 0.471856862 0.064963952 0.879278600 32.442867279
0.878385842 0.000532162 -0.477951884 -11.208277702 -0.030735454 0.997992396 -0.055374805 -2.158589840 0.476962894 0.063330516 0.876638889 33.253711700
0.875241876 -0.002436637 -0.483679265 -11.673479080 -0.027253883 0.998150170 -0.054345656 -2.210137844 0.482916981 0.060747735 0.873556435 34.094196320
0.872856915 -0.002953719 -0.487967283 -12.171602249 -0.026976122 0.998160422 -0.054295819 -2.274298906 0.487229973 0.060555942 0.871171534 34.940788269
0.870287836 -0.004905521 -0.492518961 -12.627837181 -0.025385635 0.998174667 -0.054798651 -2.327659845 0.491888762 0.060193509 0.868574798 35.794631958
0.868765354 -0.004654014 -0.495202035 -13.128376007 -0.026071418 0.998139322 -0.055119514 -2.386575460 0.494537205 0.060796548 0.867027581 36.662117004
0.868432999 -0.004546253 -0.495785683 -13.632656097 -0.025853936 0.998182297 -0.054439649 -2.444635868 0.495132029 0.060095195 0.866736829 37.518821716
0.868181527 -0.004698980 -0.496224374 -14.140451431 -0.024850024 0.998288989 -0.052930240 -2.504683733 0.495624065 0.058284245 0.866579354 38.403064728
0.867926478 -0.005670768 -0.496660143 -14.666135788 -0.023314226 0.998367548 -0.052141376 -2.568896055 0.496145070 0.056834143 0.866377473 39.294288635
0.867179155 -0.007783150 -0.497935295 -15.187962532 -0.021356838 0.998376787 -0.052799474 -2.630427361 0.497537971 0.056420937 0.865605354 40.199951172
0.866054058 -0.010519418 -0.499839693 -15.714011192 -0.018546799 0.998414338 -0.053147577 -2.694935083 0.499606311 0.055299096 0.864485741 41.104614258
0.864423811 -0.011003013 -0.502643466 -16.257949829 -0.017291576 0.998518348 -0.051595140 -2.752106190 0.502466500 0.053291567 0.862952828 42.038162231
0.862439394 -0.009903068 -0.506063461 -16.801546097 -0.016481081 0.998728991 -0.047631208 -2.815134764 0.505891919 0.049419504 0.861180067 42.942924500
0.859566033 -0.009915804 -0.510928571 -17.352075577 -0.014435205 0.998941600 -0.043672107 -2.875424147 0.510820806 0.044914421 0.858513117 43.863819122
0.855482578 -0.010528583 -0.517724454 -17.922466278 -0.012554169 0.999077797 -0.041061893 -2.946554422 0.517679334 0.041627336 0.854561508 44.786926270
0.850556672 -0.012932741 -0.525724411 -18.483589172 -0.012040390 0.998956621 -0.044054035 -2.998017073 0.525745571 0.043800384 0.849513471 45.666515350
0.844503701 -0.017051795 -0.535278201 -19.050661087 -0.009886653 0.998826265 -0.047416650 -3.055022240 0.535458446 0.045335643 0.843343914 46.561489105
0.838333189 -0.016857635 -0.544897556 -19.630218506 -0.010212785 0.998860717 -0.046614535 -3.117322206 0.545062482 0.044643439 0.837205946 47.438190460
0.832506001 -0.013478654 -0.553852022 -20.229316711 -0.011419003 0.999074101 -0.041477803 -3.177916527 0.553898275 0.040854964 0.831581295 48.321796417
0.827414334 -0.008634979 -0.561525524 -20.856807709 -0.014765931 0.999201596 -0.037123211 -3.233263969 0.561397672 0.039007716 0.826626182 49.220985413
0.823458076 -0.008690246 -0.567310452 -21.471883774 -0.016087197 0.999123156 -0.038655661 -3.286540747 0.567148864 0.040957760 0.822596252 50.093627930
0.819717765 -0.010969706 -0.572662413 -22.088556290 -0.016347812 0.998961151 -0.042536233 -3.347551823 0.572534144 0.044229493 0.818686903 50.982410431
0.816858351 -0.012622507 -0.576700151 -22.716562271 -0.019885633 0.998550117 -0.050022442 -3.400092125 0.576495409 0.052329302 0.815422952 51.854656219
0.813523293 -0.014137696 -0.581360400 -23.346761703 -0.019461675 0.998482645 -0.051514976 -3.463674545 0.581206560 0.053222883 0.812013686 52.732696533
0.810173273 -0.012576026 -0.586055696 -23.980258942 -0.018874049 0.998691797 -0.047522489 -3.527282953 0.585886598 0.049562689 0.808875918 53.599746704
0.807123423 -0.010141504 -0.590295732 -24.628927231 -0.018416006 0.998933494 -0.042342629 -3.585656166 0.590095520 0.045046624 0.806075692 54.468093872
0.804004371 -0.007687496 -0.594573617 -25.276849747 -0.019554831 0.999033809 -0.039359692 -3.644537926 0.594301641 0.043272160 0.803077221 55.339401245
0.800931811 -0.008112749 -0.598700583 -25.950395584 -0.019789303 0.999003172 -0.040010892 -3.700042725 0.598428428 0.043893870 0.799972951 56.223468781
0.797331095 -0.009534970 -0.603466749 -26.607883453 -0.019785639 0.998924851 -0.041925136 -3.753145456 0.603217602 0.045368198 0.796285152 57.086666107
0.793336153 -0.012383391 -0.608657837 -27.281641006 -0.018707490 0.998824954 -0.044705205 -3.814148426 0.608496249 0.046852723 0.792172372 57.952789307
0.789075255 -0.013081318 -0.614157200 -27.923618317 -0.018192951 0.998837054 -0.044649329 -3.873263121 0.614027083 0.046405021 0.787919641 58.765625000
0.784497440 -0.013039931 -0.619994819 -28.602151871 -0.018026076 0.998876870 -0.043817628 -3.932487249 0.619869888 0.045550898 0.783381462 59.612258911
0.779990673 -0.012504508 -0.625666142 -29.288772583 -0.018537343 0.998899877 -0.043073621 -3.990055561 0.625516474 0.045195214 0.778900862 60.436431885
0.774257064 -0.014383378 -0.632707715 -29.981554031 -0.017590668 0.998866260 -0.044233344 -4.049886227 0.632626712 0.045377724 0.773126364 61.297767639
0.768898726 -0.015825177 -0.639174640 -30.685295105 -0.017068585 0.998829246 -0.045262545 -4.109672070 0.639142692 0.045712117 0.767728567 62.136409760
0.763295114 -0.017114038 -0.645823240 -31.391422272 -0.016235091 0.998825192 -0.045656595 -4.175959110 0.645846069 0.045334451 0.762120545 62.967758179
0.757417142 -0.018753815 -0.652662039 -32.125015259 -0.015625395 0.998780549 -0.046832640 -4.239118099 0.652744293 0.045669947 0.756200373 63.815120697
0.751222014 -0.020498401 -0.659731269 -32.854164124 -0.014823752 0.998741627 -0.047911230 -4.301807404 0.659883082 0.045771670 0.749972820 64.646835327
0.745121181 -0.021798266 -0.666572869 -33.610519409 -0.013767773 0.998749971 -0.048051272 -4.367123604 0.666787148 0.044981238 0.743889570 65.469734192
0.738903582 -0.021479353 -0.673468828 -34.369235992 -0.013166272 0.998840690 -0.046302158 -4.434464931 0.673682630 0.043079894 0.737764120 66.294769287
0.732242405 -0.021829600 -0.680694103 -35.144336700 -0.012686826 0.998875499 -0.045681145 -4.491796494 0.680925846 0.042085525 0.731142104 67.122451782
0.725765824 -0.023539474 -0.687539041 -35.901508331 -0.011405020 0.998865306 -0.046237580 -4.559733868 0.687847376 0.041399051 0.724673867 67.921150208
0.718903899 -0.026093399 -0.694619477 -36.686611176 -0.010392043 0.998780191 -0.048274539 -4.618709087 0.695031822 0.041923273 0.717755616 68.744804382
0.712964714 -0.025368458 -0.700740874 -37.493053436 -0.012045022 0.998754799 -0.048412394 -4.677738190 0.701096535 0.042956766 0.711771309 69.549087524
0.707351148 -0.025082199 -0.706417143 -38.304138184 -0.011739409 0.998815596 -0.047219083 -4.747128010 0.706764877 0.041693397 0.706218839 70.356506348
0.702289402 -0.024803922 -0.711459398 -39.123699188 -0.012368707 0.998816907 -0.047031470 -4.810574055 0.711784184 0.041829538 0.701151669 71.160774231
0.697379172 -0.025323831 -0.716254830 -39.956943512 -0.013152367 0.998755217 -0.048117638 -4.878379345 0.716581643 0.042976681 0.696177959 71.962799072
0.692251146 -0.027391141 -0.721136749 -40.790863037 -0.014270458 0.998564482 -0.051627610 -4.938381195 0.721515536 0.046030220 0.690866530 72.746437073
0.687247336 -0.030678634 -0.725775301 -41.630489349 -0.012367486 0.998468876 -0.053916387 -5.004784107 0.726318240 0.046029914 0.685815692 73.530570984
0.681831002 -0.030658510 -0.730866909 -42.490306854 -0.013261027 0.998439133 -0.054253977 -5.084181786 0.731389403 0.046684090 0.680360198 74.342597961
0.677011073 -0.030399418 -0.735344708 -43.356098175 -0.012933407 0.998500943 -0.053185817 -5.154407978 0.735859096 0.045517899 0.675603032 75.131286621
0.671649754 -0.030503713 -0.740240574 -44.225215912 -0.012065095 0.998569191 -0.052096006 -5.228231430 0.740770578 0.043921344 0.670320749 75.917915344
0.666345835 -0.031928863 -0.744958878 -45.092197418 -0.011169164 0.998543203 -0.052787982 -5.297274113 0.745559096 0.043495618 0.665018618 76.699546814
0.661772311 -0.032455042 -0.749002099 -45.996295929 -0.010524478 0.998561859 -0.052567512 -5.377414703 0.749631047 0.042670581 0.660479009 77.475540161
0.657083511 -0.033601381 -0.753068626 -46.888309479 -0.009100188 0.998579681 -0.052496210 -5.447779655 0.753762901 0.041347459 0.655844450 78.262275696
0.653206706 -0.034351941 -0.756399930 -47.806571960 -0.007960333 0.998603702 -0.052225970 -5.525788784 0.757137656 0.040135551 0.652021170 79.039985657
0.649560690 -0.037130017 -0.759402514 -48.706878662 -0.005783467 0.998536646 -0.053769104 -5.595098495 0.760287702 0.039318271 0.648395360 79.794448853
0.644793689 -0.041666314 -0.763220191 -49.631244659 -0.002516823 0.998391986 -0.056631301 -5.677711964 0.764352500 0.038436394 0.643651962 80.590660095
0.639975667 -0.045866691 -0.767025113 -50.548446655 0.001808744 0.998303950 -0.058187611 -5.751847744 0.768393099 0.035851300 0.638973176 81.360244751
0.633376837 -0.049418733 -0.772264004 -51.478733063 0.006047647 0.998244405 -0.058919679 -5.827914715 0.773819864 0.032647971 0.632563651 82.121910095
0.624739826 -0.053237986 -0.779015958 -52.417030334 0.011126433 0.998178542 -0.059292622 -5.911840439 0.780753672 0.028374793 0.624194324 82.879211426
0.615733743 -0.054009713 -0.786101043 -53.376243591 0.013339289 0.998219609 -0.058135152 -5.990597725 0.787841380 0.025309745 0.615357935 83.629272461
0.606712401 -0.052344702 -0.793196082 -54.350601196 0.013395865 0.998361230 -0.055637538 -6.071281433 0.794808507 0.023130439 0.606419325 84.371681213
0.597661078 -0.052233513 -0.800045609 -55.323547363 0.013021164 0.998376369 -0.055454906 -6.157779217 0.801643133 0.022725716 0.597370744 85.093406677
0.588739336 -0.053775564 -0.806532145 -56.315773010 0.012428298 0.998268783 -0.057487398 -6.230514050 0.808227420 0.023821272 0.588388503 85.798240662
0.578714788 -0.056049436 -0.813601613 -57.324169159 0.012749095 0.998135328 -0.059693627 -6.311341763 0.815430343 0.024172897 0.578350246 86.515846252
0.568792224 -0.057779834 -0.820449233 -58.349544525 0.013333310 0.998045981 -0.061043452 -6.396173000 0.822373211 0.023781735 0.568451226 87.215911865
0.558595419 -0.058240458 -0.827393055 -59.361122131 0.015946310 0.998101473 -0.059490904 -6.484295368 0.829286993 0.020037474 0.558463633 87.902511597
0.548845232 -0.058451448 -0.833877981 -60.409084320 0.016729973 0.998120606 -0.058952790 -6.565066814 0.835756540 0.018405195 0.548791587 88.581115723
0.537802935 -0.058872890 -0.841012537 -61.454868317 0.016831521 0.998109818 -0.059106808 -6.655369759 0.842902601 0.017632291 0.537777185 89.261039734
0.527557433 -0.059529431 -0.847431064 -62.493488312 0.016349562 0.998068452 -0.059933040 -6.748023987 0.849362016 0.017762994 0.527511716 89.905303955
0.517469585 -0.059949651 -0.853598952 -63.566390991 0.014780442 0.998020291 -0.061132371 -6.833501816 0.855573893 0.019017573 0.517331183 90.553184509
0.507762015 -0.061176941 -0.859322548 -64.648437500 0.013953093 0.997928679 -0.062799908 -6.922928810 0.861384332 0.019897198 0.507563889 91.184776306
0.498133361 -0.060580686 -0.864981532 -65.744491577 0.012632933 0.997957528 -0.062618747 -7.021825314 0.867008388 0.020265235 0.497881234 91.807922363
0.489607543 -0.058364175 -0.869987428 -66.858192444 0.012027085 0.998114407 -0.060191181 -7.114043713 0.871859968 0.019006643 0.489386290 92.425941467
0.481079966 -0.057218358 -0.874807537 -67.956344604 0.012886466 0.998221576 -0.058203865 -7.202409267 0.876581967 0.016727539 0.480961770 93.038658142
0.473593175 -0.057132527 -0.878888726 -69.064941406 0.012329723 0.998226106 -0.058246177 -7.286961079 0.880657375 0.016748536 0.473457545 93.622062683
0.465529442 -0.060778342 -0.882943034 -70.195327759 0.014670297 0.998032033 -0.060965747 -7.372395039 0.884910822 0.015428315 0.465504944 94.224029541
0.458938777 -0.063856654 -0.886170149 -71.323371887 0.017133070 0.997864366 -0.063032202 -7.463745594 0.888302684 0.013745101 0.459052652 94.794326782
0.452630252 -0.066427119 -0.889220595 -72.428077698 0.017921917 0.997697651 -0.065408044 -7.559443474 0.891518116 0.013669122 0.452778667 95.370895386
0.447228521 -0.069659375 -0.891702950 -73.572853088 0.019732136 0.997488379 -0.068026751 -7.663555622 0.894202054 0.012828296 0.447479784 95.938743591
0.442294598 -0.070809714 -0.894070148 -74.712570190 0.023232786 0.997448444 -0.067503989 -7.769597054 0.896568835 0.009084914 0.442811191 96.504867554
0.438144863 -0.068169549 -0.896315753 -75.859077454 0.024806261 0.997657478 -0.063751094 -7.869674683 0.898562014 0.005697974 0.438809544 97.065795898
0.434156388 -0.066202901 -0.898401558 -77.001510620 0.028054675 0.997805834 -0.059970405 -7.974092007 0.900400519 0.000832173 0.435061097 97.621803284
0.430894256 -0.065682113 -0.900008857 -78.137825012 0.028945114 0.997840345 -0.058963850 -8.060360909 0.901938021 -0.000643672 0.431864858 98.163581848
0.428186476 -0.065762579 -0.901294410 -79.269264221 0.030751789 0.997831464 -0.058196813 -8.149489403 0.903167009 -0.002797326 0.429280221 98.694992065
0.426089883 -0.063981131 -0.902415574 -80.397727966 0.031706546 0.997939408 -0.055783007 -8.253188133 0.904125094 -0.004843903 0.427240521 99.219108582
0.423567057 -0.063690208 -0.903622985 -81.538764954 0.033684347 0.997942805 -0.054548852 -8.330252647 0.905238271 -0.007332851 0.424841106 99.748664856
0.421405941 -0.064846002 -0.904550791 -82.665443420 0.036117427 0.997848928 -0.054708280 -8.414482117 0.906152666 -0.009615652 0.422841489 100.275459290
0.418703645 -0.065080181 -0.905787945 -83.771194458 0.037963029 0.997811258 -0.054143444 -8.497183800 0.907329082 -0.011716408 0.420257807 100.796813965
0.416509479 -0.064539708 -0.906837583 -84.875778198 0.041438341 0.997787952 -0.051980082 -8.575568199 0.908186495 -0.015927652 0.418262571 101.311820984
0.414333671 -0.063781902 -0.907887399 -85.978103638 0.043117311 0.997796893 -0.050420828 -8.657988548 0.909103155 -0.018254617 0.416170895 101.813652039
0.412514418 -0.065789230 -0.908572316 -87.071731567 0.045666009 0.997628093 -0.051504221 -8.730400085 0.909805715 -0.020244634 0.414540321 102.313224792
0.411048681 -0.066563331 -0.909179986 -88.142555237 0.047533091 0.997538984 -0.051542144 -8.821197510 0.910373271 -0.022029806 0.413201094 102.805107117
0.410363019 -0.067520976 -0.909419060 -89.202888489 0.047266394 0.997489512 -0.052731544 -8.903735161 0.910696566 -0.021345889 0.412524283 103.283821106
0.411099344 -0.068054587 -0.909046650 -90.258346558 0.046493728 0.997476935 -0.053648878 -8.988381386 0.910404146 -0.020209951 0.413226247 103.759414673
0.413597614 -0.068150401 -0.907905579 -91.294471741 0.044759311 0.997510970 -0.054486308 -9.069655418 0.909358859 -0.018101823 0.415618539 104.218902588
0.417978734 -0.068186715 -0.905894279 -92.331092834 0.042539578 0.997554362 -0.055458259 -9.151083946 0.907460213 -0.015355995 0.419857204 104.694381714
0.422958791 -0.068436362 -0.903560936 -93.366622925 0.041204721 0.997565031 -0.056268286 -9.238634109 0.905211568 -0.013431809 0.424748808 105.170700073
0.428881079 -0.068507195 -0.900759518 -94.390563965 0.040720306 0.997572899 -0.056482065 -9.319378853 0.902442634 -0.012455122 0.430629790 105.654678345
0.435688317 -0.067629769 -0.897553265 -95.396713257 0.039528310 0.997648954 -0.055984132 -9.393684387 0.899229228 -0.011087132 0.437337190 106.143592834
0.443396479 -0.065881707 -0.893901110 -96.406730652 0.038487732 0.997774601 -0.054446481 -9.476684570 0.895498872 -0.010262852 0.444945365 106.641586304
0.452380419 -0.065879963 -0.889388442 -97.387405396 0.038112301 0.997784793 -0.054523729 -9.552334785 0.891010284 -0.009231170 0.453889251 107.134460449
0.462035716 -0.065516815 -0.884438038 -98.374717712 0.037046127 0.997822821 -0.054562949 -9.624454498 0.886087239 -0.007554976 0.463456988 107.641410828
0.471684545 -0.065814510 -0.879307806 -99.349273682 0.035828102 0.997817576 -0.055465572 -9.709465981 0.881039143 -0.005341677 0.473013163 108.161361694
0.481652230 -0.067986719 -0.873721242 -100.299217224 0.035300426 0.997682333 -0.058172569 -9.780056000 0.875651121 -0.002823789 0.482935846 108.692680359
0.493254066 -0.069108196 -0.867135704 -101.254051208 0.033501860 0.997608840 -0.060449604 -9.854894638 0.869239926 0.000766352 0.494389892 109.229042053
0.505680919 -0.067340069 -0.860088348 -102.200119019 0.031736702 0.997726202 -0.059457034 -9.938751221 0.862136662 0.002769917 0.506668270 109.780319214
0.518660188 -0.064102411 -0.852574110 -103.127937317 0.029675765 0.997934282 -0.056978464 -10.025045395 0.854465306 0.004251672 0.519490957 110.326988220
0.530958295 -0.061620090 -0.845154524 -104.039474487 0.029011562 0.998089790 -0.054544415 -10.105410576 0.846901119 0.004441554 0.531731844 110.896141052
0.543218911 -0.061221253 -0.837355971 -104.948364258 0.029153185 0.998111904 -0.054061953 -10.178919792 0.839084744 0.004955881 0.543978155 111.472381592
0.554616570 -0.060726497 -0.829887152 -105.825706482 0.029027198 0.998138368 -0.053639200 -10.264762878 0.831599474 0.005659890 0.555346906 112.056205750
0.566042960 -0.061901696 -0.822048426 -106.704750061 0.028944645 0.998054326 -0.055224657 -10.334185600 0.823867440 0.007465631 0.566733360 112.649070740
0.576389849 -0.064008646 -0.814664125 -107.553504944 0.031766962 0.997929096 -0.055932168 -10.408193588 0.816557109 0.006359330 0.577229559 113.261207581
0.587761641 -0.062120114 -0.806645691 -108.395965576 0.031717490 0.998050630 -0.053749353 -10.507607460 0.808412194 0.006007027 0.588586092 113.864959717
0.598645747 -0.059935771 -0.798768461 -109.226539612 0.030862568 0.998182058 -0.051768538 -10.576851845 0.800419211 0.006338967 0.599407196 114.478477478
0.608869255 -0.056755137 -0.791237712 -110.031517029 0.030919066 0.998377323 -0.047820482 -10.649662971 0.792667806 0.004652092 0.609636128 115.092491150
0.618378222 -0.054885864 -0.783961713 -110.831596375 0.029438861 0.998475850 -0.046683222 -10.714327812 0.785329103 0.005788945 0.619051456 115.719619751
0.628467679 -0.054797769 -0.775903046 -111.611618042 0.027747365 0.998459876 -0.048040856 -10.774616241 0.777340710 0.008662854 0.629020154 116.347961426
0.638246119 -0.053924434 -0.767941415 -112.381584167 0.025582818 0.998478353 -0.048850406 -10.843437195 0.769407153 0.011532475 0.638654470 116.978828430
0.647233307 -0.053196490 -0.760433555 -113.151786804 0.025391953 0.998512983 -0.048239421 -10.910121918 0.761868954 0.011913265 0.647621632 117.624435425
0.656515539 -0.051093332 -0.752580166 -113.892936707 0.024843965 0.998626649 -0.046124950 -10.971596718 0.753903270 0.011584667 0.656883299 118.269523621
0.665185511 -0.049231224 -0.745053411 -114.623069763 0.025125792 0.998734713 -0.043561473 -11.037168503 0.746255338 0.010256402 0.665580869 118.918945312
0.673075616 -0.048767213 -0.737964034 -115.339935303 0.025538793 0.998761058 -0.042708393 -11.094161987 0.739132464 0.009899267 0.673487246 119.580909729
0.680936575 -0.048099689 -0.730761111 -116.042228699 0.024460912 0.998777807 -0.042947795 -11.147345543 0.731933832 0.011369640 0.681280911 120.231163025
0.688291192 -0.047036588 -0.723908007 -116.730140686 0.023851255 0.998823464 -0.042221732 -11.204076767 0.725042343 0.011794728 0.688603342 120.886207581
0.695789278 -0.044313405 -0.716877639 -117.410827637 0.022884054 0.998956084 -0.039539047 -11.257425308 0.717881322 0.011105781 0.696076930 121.533645630
0.703020334 -0.041588213 -0.709952712 -118.073532104 0.021774629 0.999079347 -0.036962926 -11.307562828 0.710836291 0.010526728 0.703278780 122.197769165
0.710398316 -0.040118221 -0.702655494 -118.721794128 0.020986563 0.999137521 -0.035828091 -11.359090805 0.703486800 0.010705890 0.710627675 122.851150513
0.717921972 -0.039058682 -0.695026934 -119.363174438 0.020210048 0.999173224 -0.035275113 -11.411518097 0.695830166 0.011278255 0.718117714 123.506378174
0.726090372 -0.036179058 -0.686646998 -119.987670898 0.017517241 0.999263883 -0.034127194 -11.453969002 0.687376201 0.012751265 0.726189613 124.157760620
0.735013425 -0.033302255 -0.677234173 -120.595031738 0.016802400 0.999381006 -0.030907549 -11.504155159 0.677844226 0.011338308 0.735118091 124.811515808
0.744525075 -0.029461794 -0.666944087 -121.181793213 0.014885729 0.999509990 -0.027535381 -11.545592308 0.667428553 0.010572830 0.744598746 125.463195801
0.754566431 -0.027183631 -0.655660450 -121.762817383 0.013020912 0.999565125 -0.026456786 -11.589978218 0.656094491 0.011426105 0.754592240 126.125244141
0.764471471 -0.026210049 -0.644124568 -122.314933777 0.011334335 0.999565125 -0.027221255 -11.625591278 0.644557834 0.013509149 0.764436126 126.781150818
0.774409115 -0.027506504 -0.632086992 -122.860977173 0.011655129 0.999505103 -0.029216008 -11.662107468 0.632577777 0.015258089 0.774346650 127.449180603
0.784449637 -0.026605403 -0.619621575 -123.392158508 0.011373413 0.999528527 -0.028519003 -11.699474335 0.620088100 0.015324508 0.784382582 128.126556396
0.794596732 -0.025075950 -0.606619477 -123.907661438 0.011127078 0.999580383 -0.026744749 -11.734023094 0.607035518 0.014501389 0.794542372 128.808685303
0.804874241 -0.022593124 -0.593015134 -124.418006897 0.010479276 0.999660313 -0.023862712 -11.770891190 0.593352854 0.012992112 0.804837644 129.489837646
0.814513028 -0.021227263 -0.579756737 -124.918395996 0.010662893 0.999709368 -0.021622906 -11.800533295 0.580047190 0.011430256 0.814502656 130.192489624
0.823695838 -0.019784357 -0.566686571 -125.392700195 0.011320718 0.999765694 -0.018449169 -11.835122108 0.566918731 0.008781201 0.823726833 130.888641357
0.831938565 -0.019227909 -0.554534495 -125.865180969 0.012141932 0.999790967 -0.016450824 -11.859968185 0.554734886 0.006952954 0.831998110 131.593460083
0.839164734 -0.019664733 -0.543521702 -126.323822021 0.013768456 0.999793947 -0.014915093 -11.886009216 0.543703020 0.005032764 0.839262664 132.312744141
0.845887363 -0.019007819 -0.533022761 -126.779403687 0.013484548 0.999807477 -0.014254084 -11.917449951 0.533191085 0.004869780 0.845980823 133.024093628
0.852611363 -0.018324742 -0.522223949 -127.220657349 0.012645039 0.999815941 -0.014438361 -11.936104774 0.522392392 0.005706769 0.852686107 133.746337891
0.859367549 -0.016381696 -0.511095822 -127.668304443 0.011123531 0.999849200 -0.013343913 -11.958865166 0.511237383 0.005782136 0.859420180 134.494216919
0.865660250 -0.015217848 -0.500400543 -128.085830688 0.010196708 0.999866486 -0.012767641 -11.985677719 0.500528038 0.005950001 0.865699828 135.219909668
0.871620893 -0.015952617 -0.489920884 -128.507385254 0.011089020 0.999856174 -0.012828400 -12.006617546 0.490055084 0.005748760 0.871672571 135.970779419
0.876473188 -0.017163876 -0.481144637 -128.911437988 0.012030687 0.999833047 -0.013751456 -12.028717995 0.481300354 0.006264282 0.876533389 136.726882935
0.881058156 -0.017588327 -0.472680718 -129.333999634 0.012394043 0.999823868 -0.014101170 -12.053730965 0.472845376 0.006565526 0.881120861 137.495590210
0.884643376 -0.016723709 -0.465968132 -129.744308472 0.011772991 0.999839127 -0.013533370 -12.071626663 0.466119498 0.006486367 0.884697974 138.269729614
0.887821972 -0.015411627 -0.459928870 -130.150756836 0.012013561 0.999874592 -0.010314183 -12.086315155 0.460030228 0.003631776 0.887895823 139.056655884
0.890822470 -0.011559702 -0.454204559 -130.556655884 0.009780950 0.999932587 -0.006265530 -12.099272728 0.454246372 0.001138923 0.890875340 139.861907959
0.894363284 -0.008491587 -0.447260588 -130.971420288 0.007963856 0.999963522 -0.003060183 -12.123924255 0.447270334 -0.000825003 0.894398451 140.664108276
0.897647560 -0.005848085 -0.440675229 -131.377777100 0.006006926 0.999981403 -0.001034489 -12.131948471 0.440673023 -0.001718497 0.897666037 141.488159180
0.900949657 -0.004187478 -0.433903486 -131.780303955 0.005280023 0.999985218 0.001312776 -12.142382622 0.433891565 -0.003473765 0.900958419 142.320571899
0.904320836 -0.002701075 -0.426844865 -132.201217651 0.004858293 0.999980271 0.003964983 -12.143231392 0.426825762 -0.005659354 0.904316187 143.187194824
0.907719493 -0.002921313 -0.419567376 -132.599105835 0.005863486 0.999966383 0.005723004 -12.146456718 0.419536591 -0.007655010 0.907706141 144.055038452
0.911298454 -0.003254010 -0.411733598 -132.998474121 0.006655741 0.999954522 0.006828454 -12.151013374 0.411692649 -0.008963153 0.911278665 144.942428589
0.914934158 -0.003816781 -0.403585166 -133.393554688 0.007280636 0.999948680 0.007048618 -12.154515266 0.403537542 -0.009387378 0.914914966 145.844100952
0.918765604 -0.006619920 -0.394748032 -133.774841309 0.009958079 0.999929845 0.006408357 -12.153677940 0.394677877 -0.009818710 0.918767154 146.753112793
0.922883987 -0.008119550 -0.384992480 -134.166397095 0.010981442 0.999925971 0.005235555 -12.160207748 0.384921491 -0.009059582 0.922904849 147.681472778
0.927664220 -0.008829291 -0.373310983 -134.558120728 0.010852670 0.999935567 0.003318713 -12.166552544 0.373257726 -0.007130073 0.927700281 148.625320435
0.932749629 -0.007116359 -0.360454410 -134.929504395 0.008492639 0.999961376 0.002234466 -12.166972160 0.360424638 -0.005145407 0.932774127 149.600494385
0.938853443 -0.002866796 -0.344305068 -135.305496216 0.004528886 0.999981582 0.004023225 -12.181951523 0.344287157 -0.005336537 0.938849211 150.580520630
0.945557654 0.000635340 -0.325453818 -135.660812378 0.001724648 0.999974310 0.006962822 -12.184346199 0.325449884 -0.007145043 0.945532322 151.587921143
0.952124715 0.003882021 -0.305685222 -135.993103027 -0.001311514 0.999961972 0.008613927 -12.186564445 0.305707008 -0.007800621 0.952093661 152.586334229
0.958662033 0.005176069 -0.284499943 -136.312332153 -0.002648194 0.999953508 0.009269266 -12.182530403 0.284534663 -0.008132683 0.958631277 153.630355835
0.964768946 0.006755764 -0.263011873 -136.603713989 -0.004001387 0.999931335 0.011006678 -12.186747551 0.263068259 -0.009566487 0.964729786 154.661987305
0.970376968 0.007422001 -0.241481751 -136.874984741 -0.004272507 0.999898851 0.013563378 -12.179065704 0.241557986 -0.012129858 0.970310569 155.739532471
0.975569725 0.009689477 -0.219476178 -137.126174927 -0.005992315 0.999828815 0.017504847 -12.186039925 0.219608247 -0.015762029 0.975460827 156.815734863
0.980358660 0.012259990 -0.196841463 -137.359344482 -0.008164359 0.999733269 0.021604795 -12.173829079 0.197053835 -0.019573364 0.980197370 157.918228149
0.984547019 0.014355129 -0.174531773 -137.570083618 -0.010158995 0.999638021 0.024911949 -12.159294128 0.174826235 -0.022753911 0.984336376 159.051345825
0.988217533 0.016103227 -0.152206704 -137.754470825 -0.012477177 0.999615848 0.024748422 -12.143501282 0.152546763 -0.022557711 0.988038838 160.199707031
0.991351306 0.015279413 -0.130342036 -137.907073975 -0.012412155 0.999663413 0.022782078 -12.128663063 0.130646259 -0.020967215 0.991207302 161.350708008
0.993895113 0.015908312 -0.109177426 -138.053375244 -0.013604739 0.999669492 0.021811975 -12.112691879 0.109488361 -0.020193484 0.993782878 162.514404297
0.995932043 0.014677207 -0.088905126 -138.156280518 -0.012616764 0.999639630 0.023693595 -12.097841263 0.089220852 -0.022475513 0.995758176 163.702484131
0.997509897 0.015328488 -0.068840899 -138.249938965 -0.013596849 0.999580979 0.025552809 -12.086379051 0.069203727 -0.024553161 0.997300327 164.902221680
0.998693645 0.015699459 -0.048626371 -138.313873291 -0.014427801 0.999547482 0.026393173 -12.066761017 0.049018718 -0.025657121 0.998468280 166.119430542
0.999458432 0.017320201 -0.027978444 -138.363327026 -0.016563283 0.999496520 0.027062483 -12.049692154 0.028433086 -0.026584415 0.999242067 167.356735229
0.999812484 0.017980792 -0.007177257 -138.382247925 -0.017775336 0.999457538 0.027730130 -12.030578613 0.007671971 -0.027597355 0.999589682 168.601409912
0.999708593 0.020091485 0.013375957 -138.381393433 -0.020450836 0.999418259 0.027293876 -12.010696411 -0.012819802 -0.027559472 0.999538004 169.857925415
0.999198020 0.021628108 0.033696417 -138.356231689 -0.022507656 0.999409974 0.025945269 -11.989559174 -0.033115383 -0.026682893 0.999095261 171.142456055
0.998347521 0.021698037 0.053210888 -138.295700073 -0.022967516 0.999463201 0.023363145 -11.971506119 -0.052675389 -0.024546664 0.998309970 172.427566528
0.997111320 0.024065698 0.072040670 -138.209747314 -0.025638184 0.999451041 0.020983115 -11.956381798 -0.071496151 -0.022769490 0.997180939 173.720809937
0.995530903 0.024412341 0.091226690 -138.099304199 -0.026277851 0.999468267 0.019304134 -11.948889732 -0.090706922 -0.021615103 0.995643020 175.016647339
0.993633211 0.024467364 0.109975077 -137.960876465 -0.026414523 0.999518454 0.016283343 -11.941102028 -0.109523706 -0.019084606 0.993800998 176.330047607
0.991322517 0.025430128 0.128968745 -137.812545776 -0.027038157 0.999576807 0.010732598 -11.932682991 -0.128641203 -0.014126544 0.991590559 177.630081177
0.988802969 0.027170498 0.146732315 -137.626251221 -0.028122991 0.999594808 0.004420398 -11.942434311 -0.146552756 -0.008497454 0.989166379 178.946777344
0.985968888 0.029427206 0.164314792 -137.424621582 -0.029705066 0.999558389 -0.000766483 -11.951907158 -0.164264783 -0.004125252 0.986407638 180.286941528
0.982798219 0.031918921 0.181903467 -137.190719604 -0.031580459 0.999489844 -0.004757558 -11.969686508 -0.181962550 -0.001068877 0.983304858 181.651702881
0.979264736 0.033813916 0.199742869 -136.936721802 -0.032905161 0.999427497 -0.007868578 -11.985765457 -0.199894577 0.001132849 0.979816735 183.001770020
0.975534439 0.033104494 0.217339605 -136.649749756 -0.032187060 0.999451756 -0.007760932 -12.010567665 -0.217477381 0.000575533 0.976065218 184.364700317
0.971663356 0.032425031 0.234134138 -136.330581665 -0.031312417 0.999473810 -0.008468804 -12.035490036 -0.234285533 0.000897521 0.972167432 185.722702026
0.967373371 0.032569669 0.251252800 -135.998107910 -0.030241396 0.999456465 -0.013123218 -12.073805809 -0.251543701 0.005096816 0.967832446 187.073684692
0.963019848 0.033479191 0.267342329 -135.621826172 -0.029809361 0.999397457 -0.017775027 -12.104445457 -0.267776370 0.009148396 0.963437676 188.439422607
0.958229482 0.035631254 0.283772141 -135.233459473 -0.031891990 0.999333024 -0.017787667 -12.144730568 -0.284216642 0.007994609 0.958726764 189.811080933
0.952773988 0.037959032 0.301298618 -134.811584473 -0.033920649 0.999250948 -0.018625671 -12.183882713 -0.301779926 0.007525810 0.953347921 191.200286865
0.946853757 0.041562736 0.318967879 -134.370971680 -0.036542032 0.999096334 -0.021711301 -12.228934288 -0.319582045 0.008901693 0.947516799 192.577972412
0.940748036 0.042149533 0.336476415 -133.898498535 -0.035580058 0.999037027 -0.025669184 -12.279880524 -0.337234348 0.012176382 0.941341996 193.962692261
0.934381127 0.043285336 0.353635877 -133.392013550 -0.035696771 0.998971581 -0.027956527 -12.335368156 -0.354482293 0.013498391 0.934965312 195.342941284
0.927590191 0.044059087 0.370992273 -132.860153198 -0.034163654 0.998864412 -0.033206064 -12.398495674 -0.372034043 0.018127168 0.928041995 196.720443726
0.919646263 0.047381733 0.389879137 -132.299133301 -0.034796450 0.998622060 -0.039284006 -12.467554092 -0.391203225 0.022560982 0.920027733 198.102600098
0.910138428 0.050908297 0.411164522 -131.712432861 -0.036468294 0.998413980 -0.042893641 -12.540693283 -0.412696004 0.024044683 0.910551310 199.468765259
0.898875654 0.053736601 0.434896559 -131.096832275 -0.038308457 0.998289168 -0.044171732 -12.627111435 -0.436526120 0.023044679 0.899396539 200.822769165
