1.000000000 0.000000000 0.000000000 0.000000000 0.000000000 1.000000000 0.000000000 0.000000000 0.000000000 0.000000000 1.000000000 0.000000000
0.999873459 0.001496080 0.015837969 0.010512644 -0.001480458 0.999998391 -0.000998026 -0.002253457 -0.015839437 0.000974453 0.999874055 0.128189892
0.999292374 0.004308371 0.037365381 0.027228350 -0.004294787 0.999990702 -0.000443799 -0.003829120 -0.037366945 0.000283009 0.999301553 0.273448557
0.997894943 0.005972341 0.064576030 0.056221902 -0.006046622 0.999981284 0.000954907 -0.003991714 -0.064569116 -0.001343364 0.997912347 0.436929405
0.995124400 0.005550634 0.098470725 0.102286682 -0.005892662 0.999977589 0.003182913 -0.003254344 -0.098450840 -0.003747649 0.995134771 0.608931661
0.990613222 0.002415847 0.136673272 0.161758572 -0.003149941 0.999981761 0.005155143 -0.003963301 -0.136658296 -0.005537266 0.990602791 0.793070018
0.984301746 -0.000391642 0.176493347 0.235070810 -0.000561854 0.999985516 0.005352442 -0.001771216 -0.176492885 -0.005367581 0.984287322 0.992627323
0.975550950 -0.000604556 0.219772667 0.320168227 -0.000869118 0.999977767 0.006608697 0.001464560 -0.219771817 -0.006638129 0.975528717 1.198329568
0.963388860 -0.000547280 0.268107653 0.413033456 -0.002076712 0.999952614 0.009503406 0.004884396 -0.268100172 -0.009712257 0.963342071 1.415592194
0.948942363 -0.004289078 0.315420270 0.528983474 -0.001045917 0.999859273 0.016742708 -0.001764743 -0.315447688 -0.016217770 0.948804319 1.623699665
0.931927204 -0.013617146 0.362389505 0.670182943 0.004992433 0.999681890 0.024725407 -0.005048606 -0.362610847 -0.021233076 0.931698740 1.836424947
0.910567045 -0.018664479 0.412939847 0.826571167 0.007370016 0.999554276 0.028927376 -0.002797694 -0.413295716 -0.023296941 0.910298824 2.060269356
0.885070443 -0.019998856 0.465027213 0.994634688 0.005332119 0.999446571 0.032833528 0.002676677 -0.465426534 -0.026580406 0.884687304 2.291374683
0.856733084 -0.022134224 0.515284896 1.171291471 0.003257609 0.999291003 0.037508629 0.003502137 -0.515749753 -0.030456290 0.856197774 2.496501923
0.824148178 -0.026690789 0.565744877 1.374244928 0.003833232 0.999128938 0.041552983 0.011598141 -0.566361129 -0.032077190 0.823532701 2.713992357
0.787979901 -0.032541871 0.614840388 1.603043079 0.006050465 0.998963475 0.045118194 0.010411361 -0.615671277 -0.031832162 0.787359893 2.926847458
0.749554038 -0.036261238 0.660949230 1.851632714 0.006307317 0.998844385 0.047646109 0.020166311 -0.661913157 -0.031544514 0.748916447 3.143376589
0.709471703 -0.039062973 0.703650534 2.116879940 0.007063147 0.998806536 0.048326917 0.036341913 -0.704698384 -0.029316595 0.708900869 3.344251394
0.667107701 -0.041082494 0.743827641 2.419461012 0.006087638 0.998745561 0.049702171 0.047084771 -0.744936407 -0.028628547 0.666520894 3.564949751
0.624086678 -0.040778104 0.780290246 2.733543873 0.000810141 0.998670459 0.051542722 0.067049205 -0.781354666 -0.031534981 0.623289883 3.780559301
0.582489669 -0.041241664 0.811791182 3.076077461 -0.002384974 0.998620927 0.052444547 0.080759510 -0.812834620 -0.032484505 0.581588030 3.983521938
0.541926801 -0.042731676 0.839338660 3.457067728 -0.003871541 0.998569012 0.053337980 0.099271342 -0.840416789 -0.032154813 0.540985823 4.192819118
0.502920330 -0.044411473 0.863191068 3.869000435 -0.005826754 0.998482108 0.054767095 0.123509645 -0.864313126 -0.032573089 0.501898229 4.402670383
0.465975136 -0.044068377 0.883699715 4.289487839 -0.009004494 0.998470962 0.054539867 0.139067993 -0.884752035 -0.033371489 0.464865774 4.598460197
0.429243416 -0.043151971 0.902157366 4.747167587 -0.010322883 0.998558342 0.052674610 0.161066458 -0.903129876 -0.031923100 0.428179145 4.791142941
0.395534873 -0.041779496 0.917500198 5.240006447 -0.009141145 0.998736382 0.049419429 0.183867097 -0.918405414 -0.027934115 0.394653112 4.977624416
0.366282433 -0.039994542 0.929643750 5.757421494 -0.006666113 0.998937428 0.045602106 0.205497116 -0.930479825 -0.022900362 0.365626633 5.152221680
0.340783387 -0.038571861 0.939350307 6.309216976 -0.005436242 0.999060452 0.042995889 0.224659622 -0.940126121 -0.019758819 0.340253532 5.332467556
0.320738316 -0.037755352 0.946415067 6.879508972 -0.004126548 0.999139965 0.041257184 0.253401220 -0.947158813 -0.017138183 0.320306659 5.507991791
0.305875361 -0.038469885 0.951294005 7.482295990 -0.003405759 0.999132633 0.041499533 0.271189123 -0.952065408 -0.015933558 0.305479050 5.697652340
0.294316024 -0.039476685 0.954892457 8.125725746 -0.002483572 0.999111533 0.042070266 0.302469641 -0.955704927 -0.014753497 0.293956488 5.894214630
0.283228636 -0.041261367 0.958164394 8.780856133 -0.003763727 0.999018669 0.044133209 0.329900086 -0.959044993 -0.016106058 0.282795370 6.087817669
0.272412390 -0.042798236 0.961228311 9.458324432 -0.005062229 0.998932719 0.045911647 0.360942632 -0.962167263 -0.017372860 0.271904975 6.283019543
0.262952477 -0.044822510 0.963767111 10.154008865 -0.005717354 0.998830378 0.048013132 0.385331005 -0.964791834 -0.018135369 0.262388617 6.457388878
0.252365023 -0.046624359 0.966508150 10.889662743 -0.007246468 0.998719394 0.050070349 0.412052214 -0.967604995 -0.019639775 0.251703978 6.660630703
0.242210165 -0.047712173 0.969049871 11.634549141 -0.007196716 0.998674214 0.050969545 0.450102597 -0.970197141 -0.019319320 0.241545662 6.841508865
0.231283978 -0.049078032 0.971647620 12.385593414 -0.007246526 0.998612106 0.052164923 0.480725348 -0.972859263 -0.019105978 0.230607361 7.029221535
0.221776217 -0.052148879 0.973702133 13.171187401 -0.008871248 0.998419642 0.055493243 0.514031053 -0.975057304 -0.020945037 0.220963091 7.192393303
0.209890768 -0.055703718 0.976136744 13.977035522 -0.010743529 0.998184204 0.059271950 0.548257828 -0.977665842 -0.022927789 0.208911166 7.374197960
0.198063120 -0.059670828 0.978371263 14.775916100 -0.011322772 0.997939408 0.063156493 0.585004449 -0.980123937 -0.023586845 0.196979344 7.527799129
0.184869751 -0.061614439 0.980829597 15.568123817 -0.012459776 0.997805655 0.065029293 0.623219252 -0.982684135 -0.024242869 0.183696359 7.677200317
0.170749351 -0.061907187 0.983367682 16.378860474 -0.012778462 0.997801244 0.065034650 0.663917840 -0.985231757 -0.023670554 0.169582799 7.819696903
0.156049386 -0.060665205 0.985884547 17.180891037 -0.014679305 0.997859478 0.063725546 0.703537583 -0.987640142 -0.024416436 0.154824868 7.954025269
0.139437288 -0.059689779 0.988430262 18.000465393 -0.015275470 0.997933090 0.062418554 0.739863634 -0.990113020 -0.023802212 0.138237312 8.067564964
0.119366921 -0.058343232 0.991134524 18.819129944 -0.017613716 0.997990370 0.060868107 0.774564385 -0.992693901 -0.024723198 0.118099399 8.158143997
0.093965515 -0.056714926 0.993958652 19.646785736 -0.021749055 0.998020768 0.059002791 0.811308563 -0.995337784 -0.027161891 0.092546076 8.233088493
0.064132951 -0.056518797 0.996339619 20.503400803 -0.026091946 0.997958660 0.058290139 0.841990113 -0.997600138 -0.029734757 0.062527366 8.275855064
0.029278124 -0.056152448 0.997992814 21.339101791 -0.028870748 0.997956812 0.056997404 0.877679229 -0.999154270 -0.030481577 0.027597139 8.322033882
-0.005347929 -0.055653781 0.998435795 22.186904907 -0.030272903 0.998001516 0.055467423 0.907984853 -0.999527395 -0.029928913 -0.007022046 8.311868668
-0.039125327 -0.054067977 0.997770429 23.034364700 -0.031163845 0.998115242 0.052864645 0.942024767 -0.998748302 -0.029026015 -0.040736560 8.269312859
-0.071637049 -0.052343667 0.996056318 23.887016296 -0.032985531 0.998200119 0.050083991 0.967653155 -0.996885240 -0.029267579 -0.073234707 8.197514534
-0.104232438 -0.050184857 0.993286014 24.718292236 -0.035850100 0.998266637 0.046674501 0.985357106 -0.993906617 -0.030744405 -0.105850905 8.111521721
-0.136822209 -0.045368504 0.989556134 25.581903458 -0.034384307 0.998566329 0.041027401 1.008283377 -0.989998698 -0.028411739 -0.138185963 7.990405083
-0.168619603 -0.039590430 0.984885812 26.420202255 -0.029195422 0.998955250 0.035157524 1.025763869 -0.985248685 -0.022825908 -0.169599295 7.831562519
-0.198973775 -0.032808855 0.979455471 27.248065948 -0.022322556 0.999331892 0.028939895 1.040546060 -0.979750574 -0.016105672 -0.199573234 7.644794464
-0.227716699 -0.027347140 0.973343432 28.058914185 -0.016592363 0.999569356 0.024202155 1.041864276 -0.973586023 -0.010638832 -0.228072435 7.442782402
-0.255491406 -0.021111922 0.966580808 28.876663208 -0.007953533 0.999773562 0.019734597 1.045874596 -0.966778576 -0.002645713 -0.255601496 7.205057621
-0.281173587 -0.010455977 0.959600091 29.676441193 -0.000982387 0.999943256 0.010607715 1.038301110 -0.959656417 0.002039910 -0.281167924 6.948451519
-0.306816667 0.005403095 0.951753318 30.468898773 0.003802651 0.999982834 -0.004451031 1.026825309 -0.951761067 0.002253535 -0.306831926 6.680869579
-0.331294209 0.021948552 0.943272173 31.240402222 0.003898382 0.999752700 -0.021893593 1.001911044 -0.943519473 -0.003575983 -0.331297845 6.400977135
-0.356686085 0.036937457 0.933493793 32.010200500 0.004455939 0.999274075 -0.037837707 0.970153332 -0.934213758 -0.009336594 -0.356591731 6.101637363
-0.380765498 0.047061700 0.923473239 32.769126892 0.008213810 0.998836577 -0.047515646 0.923091352 -0.924635231 -0.010507085 -0.380709141 5.772155285
-0.404098004 0.051584300 0.913260162 33.521816254 0.011303377 0.998613954 -0.051403902 0.877027452 -0.914645851 -0.010449291 -0.404121041 5.438823700
-0.426897258 0.051205195 0.902849257 34.274589539 0.015022803 0.998659253 -0.049535800 0.821489155 -0.904175341 -0.007583370 -0.427094191 5.075585365
-0.446667224 0.046875127 0.893471360 35.009922028 0.018676842 0.998897433 -0.043069217 0.765484393 -0.894505143 -0.002550388 -0.447050273 4.687421799
-0.464546859 0.045944631 0.884355843 35.737827301 0.026909083 0.998924375 -0.037761591 0.715532064 -0.885139585 0.006255175 -0.465283483 4.287866116
-0.478108168 0.046028785 0.877093971 36.444931030 0.028656278 0.998911679 -0.036800951 0.667191386 -0.877833247 0.007539413 -0.478906929 3.894276142
-0.489112079 0.050192509 0.870775521 37.139106750 0.032504294 0.998698294 -0.039308555 0.621973336 -0.871614993 0.009077652 -0.490106910 3.494466782
-0.498846471 0.052827165 0.865078926 37.834121704 0.033237718 0.998572409 -0.041812643 0.578289866 -0.866052806 0.007895158 -0.499890178 3.082329512
-0.509712458 0.052184090 0.858760834 38.522647858 0.027335634 0.998637259 -0.044459015 0.527412951 -0.859910429 0.000813455 -0.510444283 2.681878328
-0.520836473 0.050566453 0.852157474 39.223468781 0.026407612 0.998720646 -0.043123152 0.479755312 -0.853247941 0.000043328 -0.521505535 2.259425163
-0.529232562 0.051880822 0.846889138 39.897411346 0.028405474 0.998652756 -0.043426957 0.436261475 -0.848001242 0.001073328 -0.529993296 1.826463223
-0.536447704 0.054999880 0.842139423 40.573902130 0.031638786 0.998483241 -0.045056563 0.388306916 -0.843340337 0.002473779 -0.537374318 1.394036651
-0.540090442 0.057705708 0.839626312 41.268722534 0.032728668 0.998332024 -0.047560468 0.340774477 -0.840970337 0.001792900 -0.541078210 0.944428325
-0.539793968 0.060115442 0.839647889 41.971885681 0.032373950 0.998191416 -0.050653916 0.295612693 -0.841174424 -0.000159954 -0.540763795 0.493880033
-0.536252797 0.060539193 0.841883481 42.693477631 0.034598604 0.998162806 -0.049738914 0.247315586 -0.843347967 0.002455358 -0.537362158 0.029872946
-0.530844450 0.059185252 0.845400035 43.434494019 0.033074312 0.998245239 -0.049117662 0.188602820 -0.846823573 0.001887178 -0.531870425 -0.423111647
-0.523767948 0.057557322 0.849914253 44.176956177 0.030791482 0.998341978 -0.048633490 0.133641198 -0.851304293 0.000697458 -0.524671793 -0.867030144
-0.516564310 0.057017341 0.854347825 44.947799683 0.029119771 0.998373091 -0.049022585 0.081294112 -0.855753064 -0.000444904 -0.517384291 -1.327478886
-0.510801733 0.055718999 0.857890964 45.742824554 0.026328381 0.998443246 -0.049171381 0.028448815 -0.859295309 -0.002529945 -0.511473536 -1.784047246
-0.505914330 0.053436320 0.860926867 46.547706604 0.021933563 0.998553514 -0.049089566 -0.025227472 -0.862304747 -0.005951928 -0.506354690 -2.260739565
-0.504694998 0.050657768 0.861810207 47.372177124 0.017604493 0.998673201 -0.048393082 -0.079310186 -0.863118231 -0.009252016 -0.504917085 -2.729257822
-0.505265832 0.048040304 0.861625552 48.206909180 0.014734426 0.998784006 -0.047047220 -0.140598327 -0.862837970 -0.011075794 -0.505359173 -3.207461596
-0.506341815 0.046785682 0.861062706 49.051616669 0.013651028 0.998836875 -0.046244226 -0.200360969 -0.862224817 -0.011660990 -0.506391585 -3.694812298
-0.506677926 0.046200640 0.860896647 49.916484833 0.013056793 0.998859763 -0.045920003 -0.251582295 -0.862036586 -0.012026099 -0.506703317 -4.201135635
-0.506879568 0.045664292 0.860806525 50.787258148 0.012844776 0.998885155 -0.045425572 -0.306905061 -0.861921132 -0.011968424 -0.506900966 -4.710626125
-0.507104397 0.044805199 0.860719264 51.661369324 0.013176288 0.998934090 -0.044237066 -0.365017891 -0.861783922 -0.011091723 -0.507154226 -5.216752052
-0.507050931 0.044651732 0.860758722 52.548572540 0.013423567 0.998945177 -0.043912657 -0.425008565 -0.861811578 -0.010711499 -0.507115483 -5.736764908
-0.507245302 0.043194298 0.860718548 53.442935944 0.010975068 0.998985946 -0.043665197 -0.479491085 -0.861731946 -0.012702522 -0.507205009 -6.257976055
-0.507461667 0.042239018 0.860638380 54.321926117 0.010254228 0.999023080 -0.042984519 -0.541628122 -0.861613214 -0.012987818 -0.507399142 -6.763911247
-0.507063270 0.041513633 0.860908449 55.210624695 0.009348005 0.999045491 -0.042668853 -0.604328275 -0.861858130 -0.013588030 -0.506967366 -7.278244495
-0.505567908 0.040004071 0.861858904 56.095390320 0.008832944 0.999112129 -0.041193400 -0.662008226 -0.862741590 -0.013213310 -0.505472422 -7.799218655
-0.503521264 0.037855800 0.863153160 56.982341766 0.008858058 0.999213338 -0.038655709 -0.721232712 -0.863937438 -0.011818112 -0.503460526 -8.311207771
-0.501071274 0.036324237 0.864643335 57.864009857 0.009350538 0.999287546 -0.036561985 -0.782195628 -0.865355492 -0.010235281 -0.501053989 -8.815603256
-0.498493701 0.036267214 0.866134405 58.750900269 0.009816454 0.999296546 -0.036193300 -0.836513937 -0.866837740 -0.009539765 -0.498499036 -9.323321342
-0.496488124 0.036238581 0.867286742 59.634563446 0.009597717 0.999296308 -0.036260128 -0.894192219 -0.867990434 -0.009678750 -0.496486574 -9.823039055
-0.495380878 0.037083343 0.867883921 60.514240265 0.009840462 0.999263763 -0.037080143 -0.946283579 -0.868620157 -0.009828416 -0.495381087 -10.328663826
-0.496271849 0.038514685 0.867312491 61.392295837 0.009608436 0.999197960 -0.038873415 -1.004490256 -0.868114054 -0.010958264 -0.496243864 -10.824929237
-0.499336034 0.040183898 0.865476072 62.265026093 0.007663193 0.999089658 -0.041966282 -1.062919021 -0.866374552 -0.014322966 -0.499189407 -11.317201614
-0.503754556 0.040690556 0.862887979 63.139682770 0.006484097 0.999039888 -0.043325566 -1.120767593 -0.863822520 -0.016230399 -0.503534734 -11.826473236
-0.509090722 0.039322179 0.859814286 64.001571655 0.008020672 0.999129176 -0.040944532 -1.179890275 -0.860675573 -0.013948192 -0.508962750 -12.336894035
-0.514338255 0.036932092 0.856791735 64.857162476 0.009579113 0.999257326 -0.037322666 -1.242088675 -0.857533813 -0.010989175 -0.514310122 -12.852801323
-0.519997597 0.034476839 0.853471637 65.723808289 0.006608192 0.999317467 -0.036342241 -1.298041344 -0.854142129 -0.013257975 -0.519870579 -13.362397194
-0.525324464 0.037770633 0.850063324 66.573440552 0.008995986 0.999204993 -0.038838040 -1.354914665 -0.850854397 -0.012755417 -0.525246620 -13.879964828
-0.530240774 0.039557677 0.846923769 67.413810730 0.009088568 0.999118805 -0.040976163 -1.404460192 -0.847798288 -0.014029909 -0.530133128 -14.401753426
-0.535233498 0.040521991 0.843731642 68.238006592 0.007904089 0.999045253 -0.042967178 -1.461574674 -0.844667196 -0.016328543 -0.535042822 -14.912050247
-0.538480878 0.040710144 0.841653764 69.046272278 0.007024207 0.999014437 -0.043827552 -1.521884203 -0.842608631 -0.017688343 -0.538236082 -15.435439110
-0.541987240 0.040214092 0.839423954 69.868362427 0.008245541 0.999060869 -0.042537909 -1.581148505 -0.840346336 -0.016133504 -0.541809857 -15.957262993
-0.543867171 0.033348896 0.838508368 70.680473328 0.009179188 0.999386728 -0.033793561 -1.629100442 -0.839121103 -0.010682383 -0.543839753 -16.491399765
-0.546314299 0.023585778 0.837248027 71.501029968 0.006810584 0.999695599 -0.023718026 -1.684735775 -0.837552428 -0.007255351 -0.546308756 -17.024106979
-0.548230708 0.022442110 0.836025953 72.316696167 0.007882297 0.999734104 -0.021667780 -1.725290775 -0.836290002 -0.005289136 -0.548261881 -17.550735474
-0.549057007 0.026896937 0.835352004 73.105216980 0.008478299 0.999609828 -0.026613180 -1.771995425 -0.835741937 -0.007529787 -0.549070835 -18.066883087
-0.551060140 0.032807115 0.833820403 73.910003662 0.008807959 0.999399900 -0.033500873 -1.810583591 -0.834419072 -0.011116738 -0.551018357 -18.578351974
-0.550457537 0.037016783 0.834042072 74.697570801 0.015251711 0.999295712 -0.034285191 -1.857527971 -0.834723830 -0.006151969 -0.550634384 -19.127561569
-0.550112724 0.038628392 0.834196508 75.488059998 0.018888852 0.999249578 -0.033815067 -1.906024575 -0.834876776 -0.002845079 -0.550429404 -19.661592484
-0.550096929 0.035111144 0.834362447 76.288963318 0.017273754 0.999380410 -0.030666713 -1.949530721 -0.834922194 -0.002457094 -0.550362527 -20.175508499
-0.549294293 0.030564116 0.835069835 77.081764221 0.015746884 0.999531984 -0.026225522 -1.985808253 -0.835480571 -0.001255781 -0.549518466 -20.698789597
-0.548908770 0.023235662 0.835559249 77.883010864 0.012603992 0.999729991 -0.019520992 -2.033169746 -0.835787237 -0.000183862 -0.549053371 -21.207813263
-0.548850596 0.017663186 0.835733831 78.681732178 0.004170138 0.999822140 -0.018392531 -2.068657875 -0.835910082 -0.006609627 -0.548826575 -21.703004837
-0.546941340 0.013045041 0.837069213 79.480400085 -0.002948151 0.999842405 -0.017508050 -2.096268892 -0.837165654 -0.012043684 -0.546816707 -22.216699600
-0.545210600 0.013389519 0.838192165 80.277641296 0.000491282 0.999877334 -0.015652766 -2.139631987 -0.838298917 -0.008122265 -0.545150340 -22.727796555
-0.541608810 0.016911034 0.840460539 81.064659119 0.004886996 0.999844015 -0.016968738 -2.172002554 -0.840616465 -0.005083090 -0.541606963 -23.244283676
-0.536185503 0.020262798 0.843856931 81.853027344 0.006812361 0.999783218 -0.019678354 -2.198964834 -0.844072640 -0.004802590 -0.536207259 -23.745664597
-0.528571963 0.022178521 0.848598778 82.644134521 0.011736288 0.999754012 -0.018818781 -2.234696627 -0.848807395 0.000012321 -0.528702140 -24.238988876
-0.520035565 0.025940686 0.853750527 83.458457947 0.019019540 0.999642551 -0.018788366 -2.266561747 -0.853932858 0.006467328 -0.520343065 -24.751350403
-0.510544360 0.025030196 0.859486938 84.246856689 0.016499626 0.999677300 -0.019311901 -2.298066854 -0.859692991 0.004321631 -0.510792613 -25.207496643
-0.499903947 0.022807760 0.865780473 85.056228638 0.014538072 0.999733388 -0.017942235 -2.328126192 -0.865958929 0.003617387 -0.500102222 -25.663114548
-0.487974167 0.019400181 0.872642457 85.862419128 0.014812623 0.999792993 -0.013943841 -2.362829447 -0.872732460 0.006121888 -0.488160551 -26.110296249
-0.477028668 0.018149016 0.878700316 86.674964905 0.012955083 0.999823332 -0.013617686 -2.388792992 -0.878792226 0.004887610 -0.477179527 -26.549762726
-0.465373009 0.017680699 0.884938002 87.494018555 0.013659711 0.999824822 -0.012792693 -2.411679506 -0.885009229 0.006134624 -0.465533048 -26.972023010
-0.453568876 0.018416030 0.891030967 88.310585022 0.014741627 0.999804795 -0.013160137 -2.443288803 -0.891099274 0.007166219 -0.453751802 -27.380069733
-0.441718638 0.021728886 0.896890461 89.149993896 0.013549868 0.999754190 -0.017547645 -2.480886459 -0.897051334 0.004401627 -0.441904455 -27.788560867
-0.429819107 0.031500328 0.902365386 89.967704773 0.015916845 0.999500275 -0.027309576 -2.506807566 -0.902774692 0.002624629 -0.430105716 -28.180082321
-0.417052001 0.036136683 0.908163965 90.796005249 0.015365507 0.999346793 -0.032708697 -2.540654659 -0.908752799 0.000313173 -0.417334855 -28.556411743
-0.406055242 0.032781344 0.913260400 91.623283386 0.014097833 0.999462128 -0.029607341 -2.584175348 -0.913739800 0.000852777 -0.406299025 -28.906616211
-0.394277334 0.028837446 0.918538928 92.476554871 0.010747521 0.999583840 -0.026768532 -2.621299028 -0.918928623 -0.000682207 -0.394423187 -29.272487640
-0.384291947 0.029012701 0.922755659 93.317596436 0.007399492 0.999570727 -0.028346274 -2.665995836 -0.923181891 -0.004065321 -0.384341627 -29.619033813
-0.377598107 0.033253685 0.925372303 94.155242920 0.002558450 0.999388635 -0.034869522 -2.713496447 -0.925965965 -0.010799147 -0.377452374 -29.945083618
-0.373211473 0.038576361 0.926943958 95.001129150 -0.003115893 0.999077380 -0.042832859 -2.754901886 -0.927741051 -0.018873967 -0.372746944 -30.264720917
-0.369258881 0.040365271 0.928449452 95.852241516 -0.005444977 0.998945057 -0.045595687 -2.811253071 -0.929310620 -0.021891996 -0.368649602 -30.601440430
-0.365282714 0.040162284 0.930029929 96.690010071 -0.006512844 0.998934090 -0.045695856 -2.866698265 -0.930873871 -0.022749046 -0.364631832 -30.924985886
-0.360960156 0.040062223 0.931720316 97.524612427 -0.008035901 0.998906136 -0.046064295 -2.920361519 -0.932546616 -0.024114588 -0.360243320 -31.234319687
-0.354883432 0.035868783 0.934222221 98.373847961 -0.010613464 0.999044716 -0.042389337 -2.972642899 -0.934850276 -0.024958607 -0.354163736 -31.553777695
-0.349559963 0.031989034 0.936367750 99.226425171 -0.011051608 0.999206781 -0.038261522 -3.025564194 -0.936848819 -0.023723068 -0.348929048 -31.866065979
-0.343844593 0.029154101 0.938573837 100.069129944 -0.013346030 0.999265134 -0.035928603 -3.073060751 -0.938931763 -0.024880085 -0.343202889 -32.165874481
-0.337977707 0.026878921 0.940770149 100.934127808 -0.021071296 0.999125421 -0.036116198 -3.129760981 -0.940918148 -0.032029718 -0.337115765 -32.460365295
-0.331902444 0.027498299 0.942912817 101.778991699 -0.027512183 0.998867631 -0.038814314 -3.173824787 -0.942912340 -0.038824160 -0.330770075 -32.737850189
-0.325449437 0.031565465 0.945032418 102.618515015 -0.025559217 0.998783827 -0.042162903 -3.225045681 -0.945213914 -0.037876178 -0.324246854 -33.016956329
-0.318439871 0.034995258 0.947296858 103.465538025 -0.024248723 0.998690605 -0.045045219 -3.272562504 -0.947632849 -0.037314937 -0.317174315 -33.300346375
-0.311978579 0.033289857 0.949505687 104.337097168 -0.025801307 0.998720527 -0.043492854 -3.321235657 -0.949738681 -0.038067322 -0.310720474 -33.574966431
-0.304713637 0.028031932 0.952031434 105.178527832 -0.026686691 0.998923004 -0.037954159 -3.375765562 -0.952069998 -0.036971718 -0.303637385 -33.842308044
-0.297782332 0.025209928 0.954300880 106.038970947 -0.027623437 0.999005139 -0.035010573 -3.428275347 -0.954234064 -0.036786601 -0.296789706 -34.102020264
-0.291335911 0.028813450 0.956186771 106.895805359 -0.029966513 0.998780787 -0.039227311 -3.469779491 -0.956151366 -0.040081907 -0.290117234 -34.353031158
-0.285181135 0.031488236 0.957956195 107.752746582 -0.029299306 0.998706698 -0.041550048 -3.520412683 -0.958025694 -0.039916743 -0.283889771 -34.601280212
-0.278257757 0.031683009 0.959983706 108.606765747 -0.031860817 0.998601377 -0.042192612 -3.573009014 -0.959977806 -0.042326286 -0.276859134 -34.838062286
-0.271453053 0.031195877 0.961945951 109.466728210 -0.032307155 0.998615980 -0.041501891 -3.623013496 -0.961909294 -0.042343561 -0.270069510 -35.072101593
-0.262910187 0.031023154 0.964321434 110.326995850 -0.028252779 0.998806775 -0.039835352 -3.674421072 -0.964406490 -0.037717883 -0.261720031 -35.309608459
-0.255468309 0.032204740 0.966281056 111.185089111 -0.025575228 0.998870194 -0.040052548 -3.723868370 -0.966479123 -0.034945011 -0.254356056 -35.535186768
-0.248631284 0.033041269 0.968034506 112.045280457 -0.024184011 0.998894572 -0.040306058 -3.772562981 -0.968296289 -0.033432301 -0.247557372 -35.753585815
-0.242385298 0.031882957 0.969656050 112.922668457 -0.030415446 0.998718858 -0.040441532 -3.820574760 -0.969703197 -0.039294958 -0.241105035 -35.950096130
-0.236343399 0.029772650 0.971213341 113.785606384 -0.035020571 0.998620093 -0.039135013 -3.874469757 -0.971038342 -0.043261759 -0.234974623 -36.149040222
-0.232237250 0.030202104 0.972190201 114.657127380 -0.032467406 0.998720050 -0.038782120 -3.913461685 -0.972117186 -0.040571146 -0.230959430 -36.343173981
-0.227335721 0.030202007 0.973348081 115.513450623 -0.030639188 0.998802185 -0.038147938 -3.965900898 -0.973334312 -0.038494978 -0.226138100 -36.548873901
-0.222260982 0.031695932 0.974471867 116.383216858 -0.029806396 0.998783290 -0.039285038 -4.011180401 -0.974531531 -0.037777025 -0.221045822 -36.746143341
-0.216425776 0.030887863 0.975810349 117.248413086 -0.023979273 0.999029696 -0.036941219 -4.055735588 -0.976004541 -0.031394258 -0.215475127 -36.935016632
-0.211571395 0.029705498 0.976910949 118.124435425 -0.016905285 0.999277234 -0.034046806 -4.099266052 -0.977216303 -0.023718290 -0.210916296 -37.124053955
-0.207047403 0.028701363 0.977909744 118.984512329 -0.015260415 0.999353170 -0.032561716 -4.148966312 -0.978211939 -0.021665130 -0.206475481 -37.294261932
-0.202330098 0.030382538 0.978845954 119.874214172 -0.017491776 0.999246955 -0.034631379 -4.191473007 -0.979161143 -0.024128724 -0.201646343 -37.490215302
-0.198915318 0.032540638 0.979476333 120.744529724 -0.019129101 0.999129295 -0.037078366 -4.229032993 -0.979829967 -0.026111955 -0.198119655 -37.658565521
-0.196913660 0.031861849 0.979902983 121.615882874 -0.021722702 0.999084651 -0.036850773 -4.278235912 -0.980180204 -0.028542560 -0.196041301 -37.824642181
-0.196069464 0.031499170 0.980083942 122.495498657 -0.021635324 0.999101698 -0.036438614 -4.317285538 -0.980351329 -0.028348932 -0.195211843 -37.993957520
-0.195114464 0.026110608 0.980432868 123.359428406 -0.020416958 0.999320805 -0.030676777 -4.368010044 -0.980567873 -0.026002940 -0.194448888 -38.164390564
-0.194156259 0.020928372 0.980747402 124.233207703 -0.021984376 0.999428391 -0.025679206 -4.410252094 -0.980724216 -0.026546897 -0.193585202 -38.331447601
-0.192724004 0.018806081 0.981072783 125.091445923 -0.021036420 0.999507248 -0.023291890 -4.453566551 -0.981027424 -0.025127167 -0.192233458 -38.501430511
-0.191700265 0.023650112 0.981168509 125.945625305 -0.021035839 0.999381065 -0.028199075 -4.491342545 -0.981228054 -0.026045481 -0.191084117 -38.661899567
-0.191526487 0.027751744 0.981095016 126.795310974 -0.020712886 0.999263287 -0.032309163 -4.527405739 -0.981268823 -0.026509371 -0.190810561 -38.824363708
-0.192001626 0.026647083 0.981032789 127.653549194 -0.024672085 0.999184310 -0.031968784 -4.565145969 -0.981084406 -0.030342182 -0.191187546 -38.978496552
-0.191577196 0.025410168 0.981148601 128.495254517 -0.026669830 0.999160826 -0.031084161 -4.613275051 -0.981115162 -0.032122079 -0.190738752 -39.131755829
-0.190492317 0.026541436 0.981329799 129.329620361 -0.020959139 0.999296546 -0.031095885 -4.657575130 -0.981464922 -0.026491350 -0.189802051 -39.300266266
-0.189376429 0.029024879 0.981475413 130.165069580 -0.022910934 0.999160171 -0.033968542 -4.696483612 -0.981637239 -0.028919360 -0.188552424 -39.461307526
-0.190077946 0.030236349 0.981303275 130.996414185 -0.030554667 0.998859286 -0.036695711 -4.740306377 -0.981293380 -0.036958445 -0.188937277 -39.602581024
-0.189254925 0.031138387 0.981434166 131.839263916 -0.036662962 0.998576045 -0.038752161 -4.792003632 -0.981243312 -0.043316320 -0.187843785 -39.753242493
-0.188730374 0.034775935 0.981413126 132.664062500 -0.033449687 0.998565257 -0.041816249 -4.838585854 -0.981459141 -0.040719956 -0.187296346 -39.909488678
-0.188437030 0.035829231 0.981431484 133.493377686 -0.032391544 0.998563826 -0.042673931 -4.888748646 -0.981550932 -0.039831426 -0.187005803 -40.065040588
-0.186524034 0.036932085 0.981755972 134.314834595 -0.033652071 0.998466671 -0.043954272 -4.935601234 -0.981873870 -0.041236646 -0.184995174 -40.216567993
-0.184592649 0.036593102 0.982133567 135.139221191 -0.023726409 0.998849452 -0.041675314 -4.984769344 -0.982528687 -0.030995457 -0.183512047 -40.376777649
-0.180761233 0.033537656 0.982955039 135.956222534 -0.017387820 0.999153256 -0.037287872 -5.033672333 -0.983373284 -0.023831647 -0.180025026 -40.538131714
-0.178825229 0.028297758 0.983473837 136.770538330 -0.014172410 0.999408424 -0.031333227 -5.080950260 -0.983778775 -0.019541366 -0.178318411 -40.687339783
-0.175306141 0.028117288 0.984112382 137.581588745 -0.011837630 0.999459624 -0.030664489 -5.122394085 -0.984442830 -0.017025230 -0.174878567 -40.831085205
-0.170278251 0.033132657 0.984838843 138.381835938 -0.010497849 0.999316812 -0.035434812 -5.168424606 -0.985340178 -0.016372466 -0.169814110 -40.970493317
-0.163631484 0.035899669 0.985868037 139.175765991 -0.009925863 0.999227166 -0.038033593 -5.212729931 -0.986471593 -0.016009085 -0.163148671 -41.098369598
-0.155666932 0.036905561 0.987119973 139.974990845 -0.010134360 0.999189615 -0.038954981 -5.248367310 -0.987757623 -0.016067829 -0.155166760 -41.216846466
-0.146104515 0.032515794 0.988734782 140.776428223 -0.008133751 0.999386430 -0.034068007 -5.290485382 -0.989235699 -0.013019612 -0.145750433 -41.330791473
-0.134289742 0.030967455 0.990458131 141.568679810 -0.004795051 0.999479592 -0.031899653 -5.334011555 -0.990930438 -0.009033093 -0.134071365 -41.436336517
-0.120454647 0.033696067 0.992146790 142.364364624 -0.000707073 0.999420583 -0.034028959 -5.372303486 -0.992718577 -0.004800466 -0.120361015 -41.532978058
-0.106434785 0.034876890 0.993707836 143.150817871 -0.001217282 0.999379277 -0.035206329 -5.410913467 -0.994318902 -0.004956801 -0.106326275 -41.611789703
-0.092252575 0.034972515 0.995121300 143.943954468 -0.000259719 0.999382079 -0.035146341 -5.450017452 -0.995735586 -0.003500793 -0.092186511 -41.683567047
-0.078880019 0.036518142 0.996214986 144.724456787 0.000618560 0.999330401 -0.036583360 -5.493661404 -0.996883929 -0.002269478 -0.078849785 -41.739459991
-0.065041475 0.042728685 0.996967316 145.492523193 -0.002496149 0.999072731 -0.042981766 -5.543282509 -0.997879446 -0.005284178 -0.064874507 -41.781669617
-0.052374721 0.051991493 0.997273147 146.256546021 -0.009561913 0.998571873 -0.052561369 -5.588268757 -0.998581707 -0.012288726 -0.051802773 -41.805068970
-0.038837325 0.059796613 0.997454762 147.020126343 -0.013970119 0.998077810 -0.060377911 -5.637346745 -0.999147892 -0.016279479 -0.037927307 -41.819061279
-0.025752354 0.060574211 0.997831404 147.784439087 -0.014498229 0.998034894 -0.060960729 -5.688352108 -0.999563217 -0.016036673 -0.024823526 -41.830352783
-0.013732705 0.056657244 0.998299241 148.558502197 -0.018256435 0.998212755 -0.056903463 -5.743580341 -0.999738991 -0.019006820 -0.012673803 -41.830696106
-0.003121637 0.054146711 0.998528063 149.322250366 -0.022037599 0.998286724 -0.054202512 -5.802647591 -0.999752283 -0.022174364 -0.001923025 -41.819030762
0.005533506 0.060751949 0.998137534 150.082412720 -0.026423069 0.997813225 -0.060585722 -5.863402843 -0.999635518 -0.026038609 0.007126658 -41.799404144
0.012469639 0.068586797 0.997567177 150.828445435 -0.029632898 0.997231960 -0.068193339 -5.918477058 -0.999483049 -0.028710460 0.014467548 -41.781204224
0.015543254 0.071308479 0.997333169 151.583847046 -0.031758934 0.996985614 -0.070788674 -5.974752426 -0.999374628 -0.030573951 0.017761081 -41.760513306
0.015472637 0.066800706 0.997646332 152.338012695 -0.034161553 0.997218609 -0.066242240 -6.034302711 -0.999296546 -0.033056207 0.017711617 -41.741149902
0.013840290 0.062439371 0.997952759 153.095550537 -0.035981748 0.997433066 -0.061907843 -6.102143288 -0.999256551 -0.035051268 0.016051441 -41.725395203
0.010513762 0.059975933 0.998144448 153.855484009 -0.035714488 0.997585356 -0.059566133 -6.150344372 -0.999306738 -0.035021957 0.012630383 -41.713489532
0.008196106 0.060362913 0.998142838 154.601211548 -0.033693124 0.997626245 -0.060055003 -6.202364922 -0.999398589 -0.033138338 0.010210468 -41.711330414
0.004035839 0.060266193 0.998174131 155.340072632 -0.032535143 0.997661769 -0.060103700 -6.260019302 -0.999462485 -0.032233167 0.005987171 -41.701694489
-0.000004463 0.058875628 0.998265326 156.082138062 -0.031197073 0.997779429 -0.058847107 -6.318021297 -0.999513268 -0.031143222 0.001832294 -41.703750610
-0.005240010 0.059005026 0.998243988 156.820678711 -0.031989850 0.997736871 -0.059142966 -6.368719578 -0.999474466 -0.032243583 -0.003340589 -41.704658508
-0.011097515 0.057034701 0.998310447 157.561035156 -0.033316154 0.997796535 -0.057375692 -6.421659946 -0.999383211 -0.033896588 -0.009172888 -41.706867218
-0.016246695 0.054674327 0.998372197 158.320602417 -0.030208433 0.998021185 -0.055146694 -6.482178688 -0.999411583 -0.031055205 -0.014562922 -41.735576630
-0.021693295 0.054565661 0.998274565 159.052719116 -0.030936798 0.997994661 -0.055222645 -6.532357216 -0.999285936 -0.032081377 -0.019961705 -41.748718262
-0.027261296 0.056284104 0.998042524 159.776077271 -0.033220269 0.997811139 -0.057178453 -6.580086231 -0.999076188 -0.034713995 -0.025331851 -41.757240295
-0.031882707 0.058271211 0.997791529 160.501052856 -0.033159748 0.997687817 -0.059324712 -6.638423920 -0.998941481 -0.034977939 -0.029876729 -41.769348145
-0.033428118 0.060335878 0.997618258 161.228836060 -0.031489197 0.997616947 -0.061390940 -6.695208073 -0.998944879 -0.033466388 -0.031448524 -41.802097321
-0.034908574 0.061991695 0.997466028 161.939620972 -0.028844576 0.997596025 -0.063009255 -6.744671822 -0.998974204 -0.030971056 -0.033036530 -41.827686310
-0.034594640 0.060606640 0.997562051 162.657150269 -0.026088972 0.997764647 -0.061523687 -6.797290802 -0.999060869 -0.028153764 -0.032936145 -41.850311279
-0.029668922 0.056867309 0.997940838 163.380767822 -0.023040768 0.998076141 -0.057560027 -6.855557919 -0.999294221 -0.024701070 -0.028301578 -41.880702972
-0.023014812 0.056621522 0.998130381 164.070449829 -0.023335472 0.998092353 -0.057157427 -6.908766747 -0.999462724 -0.024607308 -0.021649618 -41.881393433
-0.011866304 0.057661936 0.998265684 164.763107300 -0.021504695 0.998090267 -0.057907436 -6.956800461 -0.999698281 -0.022154542 -0.010603642 -41.884750366
0.002869712 0.057417713 0.998346150 165.453048706 -0.018491114 0.998182595 -0.057355162 -7.010920048 -0.999824822 -0.018295934 0.003926216 -41.879959106
0.017838541 0.055054650 0.998323977 166.142105103 -0.018735023 0.998325884 -0.054719999 -7.058243752 -0.999665320 -0.017727492 0.018840129 -41.852535248
0.033951517 0.050042979 0.998169839 166.820419312 -0.023584446 0.998507619 -0.049257711 -7.107918262 -0.999145091 -0.021868905 0.035081077 -41.816822052
0.050273780 0.043058954 0.997806787 167.500610352 -0.024608729 0.998820305 -0.041862793 -7.152644634 -0.998432219 -0.022450155 0.051274095 -41.770065308
0.067340463 0.035575844 0.997095644 168.179199219 -0.024742665 0.999116361 -0.033976909 -7.191931248 -0.997423172 -0.022382781 0.068161197 -41.712203979
0.084858261 0.028720388 0.995978951 168.845046997 -0.025701707 0.999314904 -0.026626775 -7.222802639 -0.996061504 -0.023338862 0.085538290 -41.645153046
0.101633288 0.022915551 0.994557917 169.507797241 -0.027574999 0.999415457 -0.020209599 -7.254734039 -0.994439662 -0.025370969 0.102205768 -41.560844421
0.119956821 0.020438947 0.992568672 170.158905029 -0.029051244 0.999432266 -0.017069293 -7.285017967 -0.992353976 -0.026787780 0.120482482 -41.472248077
0.137922555 0.019355338 0.990253866 170.799636841 -0.027318768 0.999502957 -0.015731161 -7.303368568 -0.990066171 -0.024882834 0.138382807 -41.378356934
0.155069113 0.018927073 0.987722278 171.436965942 -0.028071584 0.999497175 -0.014745561 -7.320726395 -0.987504721 -0.025440354 0.155522451 -41.262535095
0.170563236 0.017881546 0.985184491 172.067489624 -0.033635221 0.999358237 -0.012315602 -7.339796066 -0.984772503 -0.031036310 0.171055257 -41.128162384
0.185637295 0.014481992 0.982511580 172.679244995 -0.035201691 0.999347568 -0.008079085 -7.357604980 -0.981987596 -0.033086296 0.186025992 -41.007118225
0.197390169 0.010394995 0.980269790 173.302871704 -0.031701982 0.999488473 -0.004215183 -7.374113083 -0.979812264 -0.030244458 0.197618723 -40.872428894
0.208146781 0.009624486 0.978050232 173.920730591 -0.030091478 0.999541283 -0.003431958 -7.388535500 -0.977634609 -0.028716622 0.208340913 -40.736343384
0.218148097 0.013583709 0.975821078 174.523529053 -0.034752853 0.999377012 -0.006142496 -7.405709743 -0.975296676 -0.032572597 0.218484282 -40.588790894
0.227019414 0.020786665 0.973668337 175.113525391 -0.039431162 0.999148607 -0.012136913 -7.426282883 -0.973091662 -0.035637558 0.227645770 -40.429725647
0.235973760 0.030006267 0.971295953 175.692352295 -0.039018154 0.999009669 -0.021383069 -7.447528839 -0.970975697 -0.032852340 0.236910865 -40.285865784
0.244248956 0.036016323 0.969043434 176.284774780 -0.033919334 0.999015749 -0.028580882 -7.462211609 -0.969119132 -0.025888460 0.245230198 -40.138732910
0.250618428 0.034010172 0.967488348 176.888488770 -0.033013850 0.999101698 -0.026569564 -7.480901718 -0.967522919 -0.025281698 0.251516074 -39.976779938
0.256554186 0.026464391 0.966167450 177.491973877 -0.036268901 0.999184549 -0.017737996 -7.502682686 -0.965849102 -0.030491080 0.257304817 -39.802047729
0.260569215 0.016031493 0.965322018 178.109420776 -0.039855998 0.999188364 -0.005835600 -7.519071102 -0.964632154 -0.036953304 0.260996670 -39.619335175
0.262971699 0.007943187 0.964770913 178.716171265 -0.040227257 0.999186754 0.002738376 -7.538199902 -0.963964522 -0.039530199 0.263077408 -39.452564240
0.263695806 0.007020389 0.964580357 179.317047119 -0.037226088 0.999302685 0.002903720 -7.555397034 -0.963887334 -0.036673252 0.263773263 -39.285049438
0.264971375 0.009318147 0.964211226 179.921142578 -0.033221014 0.999447823 -0.000529327 -7.560755253 -0.963683784 -0.031891819 0.265134692 -39.125583649
0.266986847 0.008785499 0.963660121 180.529266357 -0.029677635 0.999559104 -0.000890445 -7.565308094 -0.963243127 -0.028361415 0.267129868 -38.961795807
0.268382847 0.006461774 0.963290691 181.137100220 -0.031763110 0.999493122 0.002144913 -7.570328712 -0.962788582 -0.031172764 0.268452078 -38.782619476
0.270900965 0.003041154 0.962602437 181.746505737 -0.032423511 0.999456465 0.005967219 -7.578015327 -0.962061048 -0.032827474 0.270852298 -38.601348877
0.274038970 -0.001989766 0.961716533 182.349212646 -0.031925920 0.999427974 0.011165013 -7.587322712 -0.961188495 -0.033763342 0.273818702 -38.426860809
0.278811663 -0.004938220 0.960333109 182.971405029 -0.030349366 0.999441981 0.013950597 -7.589277267 -0.959866107 -0.033035088 0.278506190 -38.248863220
0.284654826 -0.007152816 0.958603382 183.579925537 -0.028425312 0.999469459 0.015898570 -7.587067127 -0.958208501 -0.031774197 0.284300506 -38.057945251
0.292158455 -0.010191138 0.956315637 184.193252563 -0.027215302 0.999449611 0.018965192 -7.588381290 -0.955982566 -0.031567253 0.291720301 -37.861278534
0.302276939 -0.012129272 0.953142941 184.805633545 -0.024597604 0.999486804 0.020519834 -7.592138290 -0.952902675 -0.029647708 0.301823467 -37.670036316
0.313546091 -0.010258063 0.949517608 185.422134399 -0.025824463 0.999479651 0.019325485 -7.594070911 -0.949221730 -0.030580210 0.313118070 -37.457992554
0.325198710 -0.006671212 0.945622206 186.036651611 -0.027041441 0.999500453 0.016350847 -7.594536781 -0.945258975 -0.030888261 0.324855924 -37.237186432
0.336718768 -0.003456770 0.941598892 186.644973755 -0.028062692 0.999512196 0.013704690 -7.592264652 -0.941186965 -0.031038424 0.336457580 -37.008983612
0.348489404 -0.003433712 0.937306404 187.264724731 -0.026276486 0.999564409 0.013431354 -7.588250160 -0.936944306 -0.029309804 0.348247409 -36.774902344
0.359781772 -0.006118549 0.933016419 187.894714355 -0.025697410 0.999534190 0.016463974 -7.584300518 -0.932682574 -0.029899543 0.359456956 -36.524715424
