1.000000000 -0.000000000 -0.000000000 -0.000000000 -0.000000000 1.000000000 -0.000000000 0.000000060 -0.000000000 -0.000000000 1.000000000 -0.000000000
0.999991596 -0.002370138 -0.003339992 -0.003735926 0.002362801 0.999994814 -0.002198959 -0.005253186 0.003345186 0.002191049 0.999992013 0.665069997
0.999971271 -0.001067294 -0.007501487 -0.012761603 0.001040374 0.999993026 -0.003591632 -0.010489362 0.007505267 0.003583725 0.999965429 1.358753562
0.999933481 -0.001862846 -0.011387100 -0.025429066 0.001807327 0.999986351 -0.004883965 -0.013519217 0.011396043 0.004863060 0.999923170 2.083648682
0.999868274 -0.000329238 -0.016227525 -0.044807009 0.000236850 0.999983728 -0.005694910 -0.014637119 0.016229130 0.005690316 0.999852121 2.810005188
0.999784946 -0.001019092 -0.020711627 -0.060977180 0.000895217 0.999981642 -0.005989350 -0.022577053 0.020717349 0.005969520 0.999767542 3.553317547
0.999685824 0.000381195 -0.025061648 -0.087780327 -0.000558922 0.999974787 -0.007084954 -0.030678209 0.025058318 0.007096735 0.999660790 4.310493946
0.999555767 0.002905952 -0.029660622 -0.123862907 -0.003142931 0.999963522 -0.007946219 -0.033853885 0.029636446 0.008035911 0.999528408 5.074746132
0.999403358 0.003528196 -0.034358203 -0.149438143 -0.003738083 0.999974668 -0.006046487 -0.049050245 0.034336004 0.006171314 0.999391317 5.862298012
0.999241412 0.002906580 -0.038834285 -0.185144007 -0.003041772 0.999989450 -0.003422618 -0.055664748 0.038823932 0.003538146 0.999239802 6.658116341
0.999111772 0.002748975 -0.042048767 -0.227253497 -0.002776938 0.999996006 -0.000606610 -0.065032490 0.042046934 0.000722838 0.999115407 7.470635414
0.999000967 0.003958182 -0.044513378 -0.272408694 -0.004024892 0.999990940 -0.001409130 -0.075065315 0.044507403 0.001586884 0.999007821 8.279882431
0.998912156 0.003549171 -0.046496410 -0.319535971 -0.003628312 0.999992132 -0.001617808 -0.080846317 0.046490300 0.001784751 0.998917162 9.098519325
0.998851597 0.001013431 -0.047900341 -0.366558224 -0.001130488 0.999996424 -0.002416742 -0.085761502 0.047897715 0.002468118 0.998849213 9.925221443
0.998724282 0.000446906 -0.050491564 -0.399826229 -0.000524827 0.999998748 -0.001530003 -0.092867523 0.050490808 0.001554550 0.998723328 10.762706757
0.998644590 -0.001051044 -0.052037299 -0.445787251 0.000956801 0.999997973 -0.001835941 -0.100559644 0.052039120 0.001783663 0.998643458 11.611186028
0.998552740 0.001300179 -0.053764824 -0.498241156 -0.001524343 0.999990404 -0.004128550 -0.111062437 0.053758934 0.004204531 0.998545110 12.465759277
0.998483777 0.001734694 -0.055020057 -0.550779343 -0.002109508 0.999974966 -0.006754976 -0.118399851 0.055006955 0.006860798 0.998462439 13.337024689
0.998375952 0.005367439 -0.056716066 -0.609763563 -0.005841496 0.999949396 -0.008195962 -0.133029997 0.056669198 0.008513958 0.998356700 14.213345528
0.998309910 0.006851783 -0.057710905 -0.666316092 -0.007324362 0.999941349 -0.007981198 -0.143731341 0.057652835 0.008390404 0.998301446 15.101355553
0.998225272 0.005430335 -0.059302919 -0.718655825 -0.005808752 0.999963880 -0.006210542 -0.160369992 0.059267052 0.006543996 0.998220742 15.990671158
0.998161852 0.006252733 -0.060281049 -0.783750594 -0.006563511 0.999966204 -0.004958843 -0.170430869 0.060248006 0.005345383 0.998169184 16.888723373
0.998093009 0.005789929 -0.061455987 -0.841587245 -0.006085882 0.999970794 -0.004629602 -0.188401863 0.061427388 0.004994787 0.998099089 17.795995712
0.997994721 0.005888569 -0.063021109 -0.902711034 -0.006257719 0.999964416 -0.005661758 -0.198915720 0.062985532 0.006044774 0.997996151 18.697305679
0.997941911 0.004475285 -0.063967220 -0.967570543 -0.004885870 0.999968469 -0.006263673 -0.212470099 0.063937172 0.006563318 0.997932374 19.610786438
0.997890711 0.003937788 -0.064796075 -1.022222638 -0.004240441 0.999980748 -0.004533978 -0.223485470 0.064776964 0.004799178 0.997888207 20.529077530
0.997904539 0.006065459 -0.064420484 -1.089359403 -0.006168112 0.999980032 -0.001394712 -0.233223990 0.064410754 0.001789142 0.997921884 21.456741333
0.997966111 0.007061318 -0.063353963 -1.154687762 -0.006922971 0.999973178 0.002402974 -0.242222130 0.063369229 -0.001959489 0.997988224 22.386638641
0.998071909 0.006360090 -0.061742004 -1.217184305 -0.006046001 0.999967873 0.005272596 -0.250153095 0.061773553 -0.004889138 0.998078167 23.321420670
0.998147428 0.005678940 -0.060576506 -1.270046830 -0.005308399 0.999966204 0.006276061 -0.259542376 0.060610093 -0.005942868 0.998143792 24.270660400
0.998227298 0.006127847 -0.059201203 -1.325960994 -0.005935368 0.999976516 0.003426576 -0.265580684 0.059220806 -0.003069120 0.998240232 25.213684082
0.998284817 0.006616941 -0.058169063 -1.389046907 -0.006700282 0.999976754 -0.001237806 -0.272973508 0.058159523 0.001625433 0.998305976 26.151929855
0.998345971 0.006599686 -0.057112448 -1.438108087 -0.006857673 0.999967158 -0.004322377 -0.281601340 0.057082046 0.004706887 0.998358428 27.098958969
0.998396039 0.003940461 -0.056478810 -1.490306139 -0.004148665 0.999985039 -0.003569639 -0.288941473 0.056463901 0.003798225 0.998397470 28.056516647
0.998412013 0.002124346 -0.056294098 -1.552838445 -0.002037619 0.999996662 0.001597959 -0.301687002 0.056297302 -0.001480715 0.998412967 29.029607773
0.998367369 -0.000971352 -0.057111170 -1.610281467 0.001262984 0.999986351 0.005070521 -0.315636754 0.057105467 -0.005134372 0.998354971 29.995777130
0.998255134 -0.008121163 -0.058487542 -1.655444622 0.008387403 0.999955595 0.004308017 -0.322005033 0.058449954 -0.004791058 0.998278916 30.971311569
0.998164654 -0.010668294 -0.059612006 -1.713472128 0.010723980 0.999942303 0.000614272 -0.329325289 0.059602015 -0.001252423 0.998221457 31.941476822
0.998082459 -0.010391792 -0.061020248 -1.775843620 0.010206456 0.999942362 -0.003348219 -0.336270541 0.061051521 0.002718998 0.998130918 32.920150757
0.997951925 -0.009315621 -0.063286550 -1.837622881 0.009080784 0.999950886 -0.003997311 -0.346503496 0.063320667 0.003414434 0.997987449 33.906597137
0.997895181 -0.009959723 -0.064077727 -1.901983023 0.009810510 0.999948382 -0.002642850 -0.355806470 0.064100742 0.002008653 0.997941434 34.901184082
0.997842550 -0.006305526 -0.065349124 -1.972438931 0.006336856 0.999979854 0.000272130 -0.373264879 0.065346099 -0.000685651 0.997862458 35.896240234
0.997769833 -0.005808556 -0.066494800 -2.037251949 0.005921816 0.999981284 0.001506293 -0.386273921 0.066484809 -0.001896703 0.997785687 36.883468628
0.997704804 -0.004986680 -0.067529589 -2.110147238 0.005274561 0.999977767 0.004085417 -0.392258823 0.067507714 -0.004432228 0.997708857 37.888523102
0.997726262 -0.004496896 -0.067245744 -2.177103996 0.004996693 0.999961138 0.007266043 -0.405583948 0.067210466 -0.007585528 0.997709990 38.877033234
0.997710764 0.000891975 -0.067619562 -2.258372307 -0.000253648 0.999955297 0.009447974 -0.406582594 0.067624964 -0.009409194 0.997666478 39.874172211
0.997699738 0.001232544 -0.067777224 -2.330550671 -0.000642788 0.999961734 0.008722513 -0.411373526 0.067785375 -0.008658880 0.997662425 40.866046906
0.997690856 0.001156647 -0.067907937 -2.397118330 -0.000694099 0.999976397 0.006834589 -0.411969811 0.067914240 -0.006771672 0.997668207 41.855030060
0.997694135 0.003470399 -0.067783915 -2.472904444 -0.003147415 0.999983251 0.004871131 -0.423400074 0.067799687 -0.004646555 0.997688115 42.855087280
0.997631431 0.002737085 -0.068731785 -2.542352438 -0.002383370 0.999983549 0.005227795 -0.431739330 0.068744957 -0.005051600 0.997621477 43.853107452
0.997523129 0.000830270 -0.070335001 -2.609956026 -0.000394015 0.999980688 0.006216165 -0.437319458 0.070338808 -0.006173056 0.997504056 44.847282410
0.997488141 0.001370878 -0.070820287 -2.684557676 -0.000859910 0.999973357 0.007244975 -0.444665730 0.070828341 -0.007165878 0.997462809 45.823760986
0.997447670 0.003777368 -0.071302183 -2.754490376 -0.003525447 0.999987125 0.003658670 -0.456291229 0.071315095 -0.003397959 0.997448087 46.796360016
0.997406960 0.004289407 -0.071839921 -2.839291811 -0.004334421 0.999990404 -0.000470708 -0.465742648 0.071837202 0.000780873 0.997416139 47.765594482
0.997351527 0.005103054 -0.072552532 -2.907157421 -0.005239608 0.999984801 -0.001691928 -0.471529216 0.072542787 0.002067593 0.997363210 48.732589722
0.997361004 0.003998287 -0.072492197 -2.981743574 -0.003853392 0.999990284 0.002138509 -0.487565905 0.072500035 -0.001853525 0.997366726 49.714797974
0.997374952 0.002024989 -0.072382033 -3.059609652 -0.001655059 0.999985218 0.005170429 -0.496856689 0.072391458 -0.005037060 0.997363627 50.682899475
0.997319400 -0.000018260 -0.073170498 -3.114137411 0.000431018 0.999984205 0.005625254 -0.502013803 0.073169231 -0.005641713 0.997303605 51.632225037
0.997296870 -0.003313963 -0.073402271 -3.185835123 0.003645477 0.999983788 0.004382895 -0.510569632 0.073386542 -0.004638635 0.997292817 52.589675903
0.997258544 -0.006242958 -0.073732212 -3.253046751 0.006516078 0.999972761 0.003464225 -0.527443767 0.073708571 -0.003935174 0.997272074 53.534267426
0.997190058 -0.007624912 -0.074525580 -3.326994658 0.007988574 0.999957621 0.004582801 -0.537654579 0.074487470 -0.005165276 0.997208655 54.486045837
0.997058272 -0.010716769 -0.075894564 -3.396777630 0.011392523 0.999899149 0.008476497 -0.541265368 0.075796060 -0.009316192 0.997079790 55.436481476
0.996986091 -0.011613726 -0.076706894 -3.462722778 0.012717621 0.999822259 0.013918270 -0.548466682 0.076531619 -0.014851852 0.996956587 56.388973236
0.996983826 -0.009837559 -0.076984890 -3.546812534 0.011101599 0.999810338 0.016008599 -0.546503544 0.076812804 -0.016814969 0.996903718 57.336009979
0.996875107 -0.008770810 -0.078506179 -3.623520851 0.009735154 0.999881744 0.011909350 -0.548037708 0.078392446 -0.012636404 0.996842504 58.267066956
0.996770084 -0.007412164 -0.079966716 -3.696310282 0.007785491 0.999960124 0.004357739 -0.554970801 0.079931237 -0.004966244 0.996787965 59.192848206
0.996738434 -0.005333031 -0.080524400 -3.782281160 0.005308635 0.999985695 -0.000517061 -0.562324047 0.080526009 0.000087900 0.996752501 60.106048584
0.996691823 -0.000210366 -0.081272922 -3.868178368 0.000218227 0.999999940 0.000087851 -0.570251107 0.081272893 -0.000105296 0.996691942 61.005050659
0.996564269 0.002048693 -0.082797535 -3.947223425 -0.001828373 0.999994636 0.002736679 -0.587372720 0.082802698 -0.002575892 0.996562660 61.901660919
0.996458411 0.004677445 -0.083957925 -4.024125576 -0.004347930 0.999982178 0.004107178 -0.598001957 0.083975635 -0.003727588 0.996460855 62.789875031
0.996338189 0.005349024 -0.085332192 -4.098949432 -0.005012952 0.999978900 0.004152182 -0.611793697 0.085352592 -0.003709212 0.996343851 63.667434692
0.996240675 0.006856556 -0.086356401 -4.186039925 -0.006451687 0.999966919 0.004966573 -0.619060695 0.086387575 -0.004390757 0.996251941 64.504295349
0.996105909 0.007877032 -0.087812059 -4.264369488 -0.007422755 0.999957442 0.005498638 -0.629355729 0.087851629 -0.004825418 0.996121824 65.348915100
0.995992839 0.007402676 -0.089126058 -4.340050220 -0.006886212 0.999957740 0.006100849 -0.641330957 0.089167446 -0.005462660 0.996001720 66.163932800
0.995903850 0.007205956 -0.090130866 -4.414358139 -0.006591691 0.999952972 0.007111059 -0.647932053 0.090177864 -0.006487816 0.995904624 66.970954895
0.995734572 0.009951789 -0.091727629 -4.493131161 -0.009083072 0.999909937 0.009883248 -0.654722571 0.091817722 -0.009007921 0.995735049 67.774154663
0.995595157 0.011816822 -0.093009673 -4.571499825 -0.010568318 0.999847472 0.013904533 -0.660071194 0.093159795 -0.012860328 0.995568097 68.554084778
0.995409429 0.014477414 -0.094607115 -4.656533241 -0.013054700 0.999792516 0.015639827 -0.662709534 0.094813891 -0.014332963 0.995391905 69.336776733
0.995260239 0.017592181 -0.095643789 -4.741711140 -0.016552299 0.999795139 0.011655013 -0.672203422 0.095829219 -0.010016643 0.995347321 70.084953308
0.995112062 0.017420897 -0.097204328 -4.813532829 -0.017067496 0.999844372 0.004466041 -0.679084480 0.097267002 -0.002785177 0.995254338 70.808174133
0.994962513 0.016699512 -0.098847546 -4.881696701 -0.016907414 0.999856174 -0.001265894 -0.689860761 0.098812185 0.002930773 0.995101810 71.513755798
0.994921863 0.017261263 -0.099160112 -4.957310677 -0.017607383 0.999841511 -0.002616388 -0.693562210 0.099099241 0.004349051 0.995068073 72.207229614
0.994795382 0.020068474 -0.099896371 -5.036256313 -0.020076808 0.999798059 0.000922008 -0.703984797 0.099894710 0.001088391 0.994997382 72.889533997
0.994655967 0.020482479 -0.101192385 -5.109344482 -0.020245602 0.999789536 0.003367392 -0.722522736 0.101240069 -0.001300695 0.994861186 73.542327881
0.994626462 0.017164394 -0.102095701 -5.172939301 -0.017270621 0.999850869 -0.000156560 -0.730124056 0.102077790 0.001918975 0.994774640 74.168807983
0.994706750 0.009058166 -0.102354981 -5.220662117 -0.009615067 0.999941587 -0.004948795 -0.748153746 0.102304183 0.005906750 0.994735658 74.785820007
0.994841993 0.005109744 -0.101308428 -5.275675774 -0.006137251 0.999932885 -0.009833295 -0.755349874 0.101251379 0.010404329 0.994806528 75.383728027
0.995126426 0.007154139 -0.098347418 -5.333117008 -0.008176331 0.999916673 -0.009994587 -0.769161403 0.098267704 0.010749999 0.995101988 75.964126587
0.995497286 0.012673068 -0.093938604 -5.401377201 -0.013385804 0.999886155 -0.006960969 -0.782044113 0.093839690 0.008187069 0.995553672 76.531242371
0.995942235 0.011166712 -0.089299098 -5.452304363 -0.011570402 0.999925137 -0.004004251 -0.789859951 0.089247696 0.005021230 0.995996773 77.090759277
0.996468365 0.007472500 -0.083635457 -5.486840725 -0.007502265 0.999971867 -0.000041605 -0.796629190 0.083632790 0.000668913 0.996496439 77.636001587
0.997153521 0.002996721 -0.075337537 -5.516723156 -0.002720315 0.999989271 0.003771223 -0.815336347 0.075348020 -0.003555545 0.997151017 78.162628174
0.997878730 0.006545804 -0.064770721 -5.545680046 -0.006326868 0.999973536 0.003584698 -0.824732423 0.064792491 -0.003167298 0.997893691 78.675865173
0.998689115 0.011788789 -0.049810961 -5.570414066 -0.011641644 0.999926984 0.003243132 -0.833600879 0.049845569 -0.002658999 0.998753369 79.179664612
0.999361336 0.016717182 -0.031582434 -5.586771965 -0.016613130 0.999855757 0.003554197 -0.836880863 0.031637300 -0.003027244 0.999494731 79.672943115
0.999839962 0.015261057 -0.009335373 -5.579565048 -0.015221744 0.999875128 0.004267799 -0.844718099 0.009399330 -0.004125015 0.999947309 80.149856567
0.999789417 0.011780431 0.016803084 -5.548227310 -0.011869048 0.999916196 0.005183873 -0.852123976 -0.016740605 -0.005382218 0.999845386 80.605667114
0.998872399 0.010667300 0.046260886 -5.502604485 -0.010991497 0.999916792 0.006759301 -0.860307813 -0.046184927 -0.007260155 0.998906493 81.061454773
0.996793985 0.010120530 0.079367861 -5.447045803 -0.010817048 0.999906719 0.008350770 -0.868825793 -0.079275928 -0.009182524 0.996810436 81.512077332
0.993094027 0.010219075 0.116875507 -5.370498180 -0.011272240 0.999901652 0.008353529 -0.866981566 -0.116778634 -0.009613289 0.993111432 81.952209473
0.987271786 0.010117766 0.158719525 -5.284716606 -0.011607327 0.999896884 0.008460610 -0.875546753 -0.158617541 -0.010195234 0.987287402 82.359550476
0.978949785 0.009831814 0.203863844 -5.170024872 -0.011764157 0.999896705 0.008268863 -0.880151868 -0.203761473 -0.010493088 0.978964329 82.776527405
0.967483461 0.012040850 0.252647638 -5.035412788 -0.014087936 0.999880970 0.006295043 -0.889135420 -0.252541751 -0.009649632 0.967537880 83.175025940
0.951934874 0.013224344 0.306014627 -4.884665966 -0.014977300 0.999882162 0.003380987 -0.896037340 -0.305933833 -0.007801753 0.952020824 83.559509277
0.932107806 0.013966255 0.361911565 -4.704563618 -0.015215997 0.999884129 0.000603224 -0.894221842 -0.361861229 -0.006069115 0.932212234 83.930587769
0.907974958 0.013306470 0.418813020 -4.511812210 -0.014425845 0.999895811 -0.000493724 -0.911399364 -0.418775976 -0.005593443 0.908072352 84.264503479
0.879098833 0.013437249 0.476450056 -4.302038670 -0.013870810 0.999900401 -0.002606983 -0.916032076 -0.476437569 -0.004316953 0.879197657 84.562721252
0.845687330 0.012440230 0.533533573 -4.059282780 -0.011516343 0.999920905 -0.005060636 -0.918494523 -0.533554316 -0.001864639 0.845763683 84.864234924
0.808619976 0.011759907 0.588213742 -3.801201582 -0.010192398 0.999930203 -0.005979644 -0.932098031 -0.588243008 -0.001160050 0.808683395 85.154327393
0.768707275 0.010734328 0.639510632 -3.524781942 -0.009571530 0.999940276 -0.005279006 -0.939033210 -0.639529109 -0.002063086 0.768764079 85.422790527
0.726421952 0.010340692 0.687171161 -3.229269266 -0.010786544 0.999935210 -0.003644564 -0.942585349 -0.687164366 -0.004764711 0.726486385 85.665100098
0.681712389 0.009649988 0.731556654 -2.927721500 -0.009427537 0.999945879 -0.004405122 -0.940648913 -0.731559515 -0.003893752 0.681766391 85.881217957
0.635730982 0.007760295 0.771871686 -2.598332167 -0.006518195 0.999967754 -0.004685010 -0.959179938 -0.771883130 -0.002052805 0.635761023 86.084472656
0.589431524 0.004993246 0.807802916 -2.254912376 0.000049850 0.999980628 -0.006217521 -0.959121287 -0.807818353 0.003705071 0.589419842 86.267570496
0.544619918 0.006189017 0.838660181 -1.917199016 -0.000148462 0.999973476 -0.007283044 -0.962794185 -0.838682950 0.003841981 0.544606328 86.414001465
0.497923255 0.009118994 0.867173195 -1.577063203 -0.003650194 0.999957860 -0.008419418 -0.969714224 -0.867213428 0.001026873 0.497935563 86.567726135
0.452654898 0.010971499 0.891618311 -1.231944442 -0.004090376 0.999939382 -0.010227811 -0.979979753 -0.891676426 0.000982614 0.452672273 86.702217102
0.409951895 0.009413886 0.912058592 -0.880891562 0.002982790 0.999927580 -0.011661537 -0.976107180 -0.912102342 0.007501147 0.409894049 86.817169189
0.369828045 0.000746816 0.929099977 -0.514372826 0.018139245 0.999803364 -0.008023971 -0.992241681 -0.928923190 0.019820660 0.369741708 86.917839050
0.334672064 -0.002211721 0.942332149 -0.146564960 0.022149120 0.999739468 -0.005519865 -0.990281999 -0.942074418 0.022719169 0.334633857 87.005798340
0.301485240 0.001816154 0.953469157 0.230024591 0.019690135 0.999773085 -0.008130338 -0.996737361 -0.953267634 0.021225113 0.301381052 87.111717224
0.270514071 0.009496835 0.962669194 0.597296596 0.008757749 0.999885738 -0.012324943 -1.011803269 -0.962676167 0.011764884 0.270400017 87.210494995
0.242061406 0.013645446 0.970165014 0.975166976 0.003662801 0.999881148 -0.014977293 -1.031253457 -0.970254004 0.007178948 0.241982698 87.295310974
0.216339841 0.015266228 0.976198792 1.368588686 0.005100118 0.999846458 -0.016766300 -1.044853806 -0.976304770 0.008605948 0.216228798 87.362182617
0.192807958 0.016575783 0.981096506 1.780362248 0.012401580 0.999736369 -0.019327901 -1.057414293 -0.981158197 0.015893722 0.192551583 87.422187805
0.172851413 0.022998182 0.984679401 2.192693949 0.019623389 0.999448538 -0.026787836 -1.051754475 -0.984752357 0.023953060 0.172304794 87.469581604
0.152903423 0.030160181 0.987780750 2.612556458 0.021220051 0.999203503 -0.033793706 -1.050446987 -0.988013327 0.026127929 0.152141631 87.522499084
0.135271177 0.030646952 0.990334511 3.053547859 0.019416414 0.999247611 -0.033574883 -1.063476920 -0.990618348 0.023770459 0.134574339 87.578674316
0.120202683 0.026630441 0.992392123 3.513906956 0.017407447 0.999429941 -0.028927756 -1.083060861 -0.992596805 0.020752206 0.119670600 87.624320984
0.105628073 0.023007048 0.994139493 3.975245953 0.018068716 0.999522865 -0.025051448 -1.105869174 -0.994241536 0.020608958 0.105161972 87.670036316
0.092486084 0.020583065 0.995501220 4.454704762 0.020539695 0.999534190 -0.022574674 -1.120347738 -0.995502055 0.022535130 0.092020221 87.699951172
0.080753237 0.019457165 0.996544242 4.949302673 0.024226069 0.999475777 -0.021477522 -1.137832284 -0.996439695 0.025876727 0.080239534 87.728485107
0.070453487 0.020293774 0.997308612 5.468711376 0.027123330 0.999384284 -0.022252105 -1.152486563 -0.997146189 0.028618066 0.069859684 87.761886597
0.062956624 0.020961555 0.997796118 5.988557816 0.029878743 0.999291718 -0.022878192 -1.161911845 -0.997568905 0.031253230 0.062285725 87.782608032
0.057482436 0.021141868 0.998122573 6.537709713 0.031508483 0.999239326 -0.022980111 -1.177689910 -0.997849166 0.032770284 0.056772564 87.808952332
0.051669542 0.022252094 0.998416305 7.102911949 0.032687698 0.999178350 -0.023960717 -1.194192410 -0.998129070 0.033873972 0.050899722 87.837127686
0.045860689 0.022911133 0.998685062 7.686917782 0.033255719 0.999147773 -0.024448887 -1.208208919 -0.998394132 0.034333240 0.045059681 87.858703613
0.041307382 0.022806413 0.998886108 8.289927483 0.035844710 0.999062002 -0.024292734 -1.225296617 -0.998503327 0.036808249 0.040451147 87.880035400
0.038477328 0.022952201 0.998995900 8.908131599 0.037144393 0.999012351 -0.024383238 -1.242039204 -0.998568833 0.038045291 0.037586782 87.899459839
0.035381287 0.022422547 0.999122381 9.547697067 0.038127299 0.998990178 -0.023769759 -1.260361910 -0.998646259 0.038934842 0.034490649 87.919525146
0.032999448 0.021687508 0.999219954 10.201951981 0.040035579 0.998933375 -0.023003468 -1.280308366 -0.998653173 0.040763464 0.032095980 87.939071655
0.032470040 0.021320976 0.999245226 10.877562523 0.044942703 0.998729944 -0.022770375 -1.298480153 -0.998461723 0.045648139 0.031470578 87.951911926
0.033440087 0.020767510 0.999224901 11.574471474 0.048227601 0.998585880 -0.022368211 -1.318256378 -0.998276412 0.048938230 0.032391228 87.971244812
0.035697978 0.020850267 0.999145091 12.272427559 0.049354091 0.998525560 -0.022600692 -1.337420225 -0.998143196 0.050118688 0.034616299 87.997077942
0.039537288 0.020889165 0.998999774 12.994908333 0.051759519 0.998396337 -0.022925029 -1.355935693 -0.997876585 0.052614134 0.038392678 88.026649475
0.043950997 0.020375978 0.998825967 13.730173111 0.052256968 0.998376369 -0.022666255 -1.376834989 -0.997666061 0.053191807 0.042814855 88.058830261
0.048170853 0.018730756 0.998663425 14.491120338 0.054015879 0.998312294 -0.021329643 -1.395099282 -0.997377455 0.054971151 0.047077794 88.088035583
0.052111372 0.017185604 0.998493433 15.259938240 0.053822752 0.998350441 -0.019992150 -1.414245844 -0.997189879 0.054783486 0.051100429 88.131492615
0.056143567 0.014940470 0.998310864 16.035470963 0.050743617 0.998553216 -0.017797841 -1.439036727 -0.997132421 0.051657140 0.055304196 88.186431885
0.059951749 0.014010713 0.998102963 16.829404831 0.049873773 0.998610556 -0.017013544 -1.454708934 -0.996954501 0.050799143 0.059169680 88.239204407
0.064062729 0.015042389 0.997832537 17.629796982 0.047196582 0.998721838 -0.018085908 -1.474092841 -0.996829212 0.048252907 0.063270897 88.300750732
0.067162953 0.018940939 0.997562289 18.422334671 0.044731036 0.998757422 -0.021975242 -1.503305554 -0.996738791 0.046097912 0.066232242 88.354049683
0.068664029 0.024116468 0.997348309 19.241575241 0.038892601 0.998883069 -0.026831202 -1.531126380 -0.996881366 0.040631805 0.067649402 88.424484253
0.068641111 0.027306683 0.997267663 20.052173615 0.036052112 0.998904526 -0.029832941 -1.556121230 -0.996989727 0.038001362 0.067581467 88.481529236
0.068482704 0.026949855 0.997288227 20.860397339 0.033822823 0.998997629 -0.029318627 -1.586960077 -0.997078717 0.035738915 0.067502558 88.548728943
0.068710975 0.025193065 0.997318447 21.693689346 0.031048274 0.999142826 -0.027378246 -1.619538426 -0.997153401 0.032846201 0.067869857 88.612037659
0.068303652 0.024264010 0.997369468 22.517118454 0.031817216 0.999142706 -0.026486116 -1.647410989 -0.997157097 0.033542622 0.067473076 88.676406860
0.068492807 0.023190910 0.997382045 23.327983856 0.029788211 0.999236524 -0.025279664 -1.684412241 -0.997206867 0.031441707 0.067749687 88.741859436
0.068627268 0.023346223 0.997369170 24.138420105 0.027694697 0.999296248 -0.025296956 -1.721815944 -0.997257888 0.029357899 0.067932390 88.798667908
0.068850569 0.023866305 0.997341573 24.952690125 0.024441753 0.999373317 -0.025602240 -1.756748438 -0.997327566 0.026139501 0.068224080 88.860183716
0.067500189 0.025075279 0.997404099 25.762392044 0.021730607 0.999409974 -0.026596343 -1.789286852 -0.997482598 0.023469452 0.066915460 88.926231384
0.064674743 0.025070785 0.997591436 26.579135895 0.018499527 0.999482453 -0.026317654 -1.817340136 -0.997734904 0.020157058 0.064177476 88.982612610
0.060992006 0.023962555 0.997850597 27.391254425 0.016007986 0.999559760 -0.024982061 -1.846467733 -0.998009920 0.017497281 0.060581557 89.035980225
0.055717759 0.021416981 0.998216927 28.204135895 0.014183297 0.999652088 -0.022239449 -1.879020095 -0.998345912 0.015397135 0.055394616 89.091865540
0.049988396 0.019370513 0.998561919 29.015726089 0.011620826 0.999732912 -0.019974971 -1.906584024 -0.998682201 0.012602631 0.049749952 89.131599426
0.042209066 0.019599412 0.998916566 29.817722321 0.011442001 0.999732554 -0.020098902 -1.934196591 -0.999043286 0.012277959 0.041973528 89.169570923
0.033509888 0.020545384 0.999227226 30.622453690 0.010872940 0.999722004 -0.020920195 -1.962720633 -0.999379218 0.011565571 0.033277187 89.196220398
0.023550915 0.020882366 0.999504447 31.418275833 0.011333968 0.999712050 -0.021153761 -1.991296530 -0.999658346 0.011826542 0.023307454 89.210685730
0.013647393 0.020060267 0.999705613 32.218849182 0.012957208 0.999711215 -0.020237265 -2.014167786 -0.999822915 0.013229580 0.013383526 89.221664429
0.002975696 0.019318638 0.999808967 33.014259338 0.011940818 0.999741495 -0.019352872 -2.040088177 -0.999924302 0.011996126 0.002744246 89.224067688
-0.008403051 0.018054828 0.999801755 33.798812866 0.013254093 0.999751210 -0.017942524 -2.070564032 -0.999876857 0.013100691 -0.008640259 89.217849731
-0.019350817 0.018721698 0.999637365 34.577949524 0.013790665 0.999734581 -0.018456560 -2.092343092 -0.999717653 0.013428516 -0.019603865 89.202697754
-0.030766798 0.019385541 0.999338508 35.356250763 0.013751969 0.999725521 -0.018969659 -2.116356611 -0.999431968 0.013159238 -0.031024944 89.181037903
-0.040711608 0.020252250 0.998965740 36.127807617 0.013409727 0.999715626 -0.019720955 -2.145598412 -0.999080956 0.012592985 -0.040971607 89.137809753
-0.051350303 0.021564310 0.998447955 36.895732880 0.014150698 0.999682188 -0.020863194 -2.166099548 -0.998580456 0.013057402 -0.051639136 89.100715637
-0.060409058 0.021962859 0.997932136 37.653423309 0.015426708 0.999659002 -0.021067023 -2.199471474 -0.998054504 0.014122169 -0.060727272 89.043678284
-0.070422806 0.022640077 0.997260273 38.427257538 0.015693389 0.999643862 -0.021585979 -2.222093582 -0.997393787 0.014130249 -0.070753023 88.999374390
-0.079644687 0.023015011 0.996557534 39.166671753 0.016336344 0.999629319 -0.021780349 -2.250424623 -0.996689498 0.014545417 -0.079991147 88.937828064
-0.088187583 0.022466242 0.995850503 39.897590637 0.017675672 0.999623537 -0.020986088 -2.273900032 -0.995947063 0.015751615 -0.088551484 88.865837097
-0.095722795 0.021564271 0.995174408 40.619792938 0.019167142 0.999619901 -0.019816967 -2.298395395 -0.995223522 0.017177712 -0.096099734 88.794578552
-0.100851461 0.019628812 0.994707882 41.369247437 0.022482425 0.999594986 -0.017445799 -2.329339743 -0.994647443 0.020604009 -0.101251915 88.711814880
-0.104355261 0.018046465 0.994376421 42.075222015 0.025853712 0.999546707 -0.015427072 -2.351529837 -0.994204044 0.024098422 -0.104774512 88.627014160
-0.107229561 0.016875137 0.994091034 42.782623291 0.027113685 0.999533772 -0.014042858 -2.374057055 -0.993864536 0.025447657 -0.107637115 88.551757812
-0.108934931 0.015928730 0.993921161 43.467224121 0.027071452 0.999548316 -0.013051847 -2.396562815 -0.993680179 0.025485085 -0.109316938 88.477226257
-0.109801970 0.016580373 0.993815184 44.131610870 0.028294481 0.999507964 -0.013549224 -2.413902283 -0.993550658 0.026631756 -0.110217065 88.405212402
-0.108462088 0.017528841 0.993946016 44.781791687 0.028821060 0.999479771 -0.014481401 -2.433676243 -0.993682742 0.027075894 -0.108910859 88.330978394
-0.105593562 0.019375930 0.994220555 45.406795502 0.030269207 0.999409616 -0.016262239 -2.451812506 -0.993948519 0.028377080 -0.106117725 88.268638611
-0.100733377 0.019534331 0.994721711 46.026615143 0.030052792 0.999410748 -0.016583035 -2.479806900 -0.994459450 0.028223695 -0.101261072 88.210601807
-0.092702962 0.020221919 0.995488524 46.624546051 0.029457588 0.999411821 -0.017558435 -2.499211550 -0.995257914 0.027696971 -0.093244135 88.159057617
-0.081551306 0.020203430 0.996464372 47.208278656 0.028381413 0.999436200 -0.017940931 -2.521393538 -0.996264935 0.026817963 -0.082078733 88.121536255
-0.067876227 0.020179186 0.997489691 47.764183044 0.027565662 0.999451756 -0.018343117 -2.547377825 -0.997312844 0.026251402 -0.068395272 88.093116760
-0.051027175 0.021556769 0.998464584 48.302753448 0.026027454 0.999456167 -0.020248033 -2.572837114 -0.998358011 0.024954293 -0.051560488 88.081710815
-0.029507220 0.024091206 0.999274135 48.837360382 0.024260072 0.999432266 -0.023378655 -2.592982054 -0.999270141 0.023552623 -0.030074919 88.081710815
-0.004857374 0.027152186 0.999619484 49.356796265 0.022429772 0.999382794 -0.027036771 -2.616156578 -0.999736607 0.022289909 -0.005463394 88.098068237
0.023038855 0.028350642 0.999332428 49.867935181 0.020109160 0.999382496 -0.028815662 -2.645125151 -0.999532282 0.020759618 0.022454524 88.133491516
0.056665394 0.028132809 0.997996807 50.383438110 0.018137811 0.999408960 -0.029202463 -2.663942099 -0.998228431 0.019756244 0.056121636 88.175056458
0.095112510 0.025627393 0.995136619 50.884193420 0.017220328 0.999476671 -0.027385032 -2.685573816 -0.995317578 0.019741237 0.094621420 88.239051819
0.137014315 0.021928320 0.990326285 51.385585785 0.014948513 0.999595344 -0.024201725 -2.704277277 -0.990456223 0.018119890 0.136631072 88.335762024
0.182425812 0.017689956 0.983060539 51.873497009 0.012286367 0.999719083 -0.020269699 -2.726147890 -0.983142912 0.015775954 0.182157233 88.450332642
0.230743945 0.014898078 0.972900450 52.348133087 0.007747549 0.999822855 -0.017147841 -2.738824129 -0.972983658 0.011494350 0.230587646 88.597320557
0.282316685 0.013209809 0.959230363 52.830181122 0.004278763 0.999877930 -0.015028886 -2.759197235 -0.959311724 0.008347224 0.282225728 88.763916016
0.337572962 0.013047641 0.941208959 53.285312653 0.003328346 0.999881208 -0.015054734 -2.772958517 -0.941293538 0.008214739 0.337489367 88.954734802
0.395797193 0.013895103 0.918232858 53.732391357 0.005631134 0.999830067 -0.017557122 -2.782284021 -0.918320656 0.012119751 0.395651609 89.171546936
0.453305095 0.017223436 0.891189039 54.122879028 0.006691110 0.999719322 -0.022724384 -2.797620535 -0.891330302 0.016264120 0.453062624 89.436096191
0.513022363 0.020159047 0.858138561 54.518009186 0.008280017 0.999561429 -0.028431356 -2.816346169 -0.858335257 0.021691322 0.512630463 89.707351685
0.571598291 0.025200257 0.820146620 54.891876221 0.004053618 0.999429286 -0.033534147 -2.818611383 -0.820523560 0.022492621 0.571169913 90.005119324
0.627335072 0.027031949 0.778280258 55.240039825 0.000113095 0.999394119 -0.034803052 -2.847549438 -0.778749466 0.021921193 0.626951933 90.332344055
0.678207815 0.028579485 0.734314322 55.520050049 -0.002125156 0.999315560 -0.036930546 -2.859738827 -0.734867156 0.023486046 0.677804351 90.676223755
0.728151381 0.025784811 0.684931338 55.832138062 -0.002109235 0.999371707 -0.035379864 -2.885226727 -0.685413182 0.024317211 0.727748275 91.034080505
0.772967994 0.023157168 0.634022355 56.084560394 -0.004902405 0.999521971 -0.030529995 -2.897756577 -0.634426117 0.020490477 0.772711933 91.411331177
0.812824011 0.019679815 0.582176924 56.313468933 -0.006477024 0.999672711 -0.024749683 -2.899328947 -0.582473457 0.016346365 0.812685430 91.839073181
0.849905312 0.017067868 0.526659071 56.530994415 -0.008576456 0.999790967 -0.018560631 -2.910538197 -0.526865840 0.011257909 0.849873960 92.238937378
0.881031692 0.013846884 0.472854733 56.718055725 -0.009483258 0.999887586 -0.011610917 -2.918896675 -0.472962469 0.005745382 0.881063879 92.671669006
0.906341195 0.015315754 0.422269166 56.877330780 -0.013862036 0.999882638 -0.006512966 -2.928516626 -0.422319472 0.000049457 0.906447113 93.114624023
0.926204383 0.016585296 0.376657099 56.997962952 -0.017014014 0.999852777 -0.002188743 -2.950619459 -0.376638144 -0.004381225 0.926350176 93.529304504
0.941137552 0.022946600 0.337244272 57.106632233 -0.024565937 0.999698043 0.000534485 -2.963633299 -0.337130278 -0.008787747 0.941417038 93.968299866
0.952862382 0.028132195 0.302095950 57.218372345 -0.029333767 0.999569595 -0.000559550 -2.967272043 -0.301981747 -0.008328438 0.953277409 94.421722412
0.962050676 0.028422607 0.271386445 57.327312469 -0.029487489 0.999565125 -0.000153982 -2.967410326 -0.271272808 -0.007854367 0.962470472 94.880027771
0.968101203 0.023615513 0.249443963 57.439037323 -0.024302134 0.999704599 -0.000327175 -2.971735716 -0.249378026 -0.005745284 0.968389213 95.350723267
0.972040117 0.020798694 0.233892083 57.541988373 -0.021521581 0.999768257 0.000538560 -2.983737469 -0.233826682 -0.005557229 0.972262442 95.841499329
0.974897683 0.025375564 0.221202716 57.637989044 -0.026047733 0.999660730 0.000121698 -2.985338926 -0.221124575 -0.005880472 0.975227833 96.336585999
0.976857066 0.030516297 0.211705267 57.729015350 -0.031429965 0.999505460 0.000951213 -2.990014553 -0.211571530 -0.007583089 0.977333128 96.832534790
0.977909505 0.039277144 0.205305278 57.821025848 -0.040035218 0.999198139 -0.000461871 -2.995289326 -0.205158785 -0.007767776 0.978697896 97.349899292
0.978258550 0.044351354 0.202591136 57.911994934 -0.044469398 0.999002814 -0.003971349 -2.999279737 -0.202565283 -0.005124100 0.979255378 97.858703613
0.978290200 0.045892034 0.202094644 58.009552002 -0.045507327 0.998942435 -0.006552061 -3.007823467 -0.202181637 -0.002786972 0.979344130 98.383438110
0.977990866 0.043916319 0.203973487 58.143188477 -0.042824745 0.999034882 -0.009764597 -3.021376133 -0.204205424 0.000814574 0.978927672 98.907844543
0.977223694 0.043009285 0.207808107 58.263462067 -0.040499367 0.999046206 -0.016319515 -3.029254198 -0.208311796 0.007531719 0.978033423 99.453887939
0.976362944 0.042890742 0.211839348 58.385993958 -0.039320059 0.999005079 -0.021041509 -3.035082579 -0.212531045 0.012214613 0.977077901 100.011703491
0.975093544 0.047984760 0.216541409 58.501667023 -0.044553336 0.998792470 -0.020703420 -3.049848795 -0.217273355 0.010540129 0.976053774 100.597061157
0.973644674 0.051045097 0.222284734 58.629604340 -0.048513561 0.998680711 -0.016837753 -3.060343266 -0.222850934 0.005610164 0.974836349 101.188438416
0.972757638 0.047860611 0.226830095 58.774894714 -0.046356954 0.998853385 -0.011954525 -3.078585148 -0.227142155 0.001113702 0.973860979 101.788787842
0.972085416 0.043708045 0.230520174 58.926326752 -0.043377802 0.999037504 -0.006502924 -3.089462996 -0.230582535 -0.003678059 0.973045826 102.402824402
0.971299291 0.041118681 0.234279320 59.079013824 -0.041889552 0.999120772 -0.001686999 -3.101079941 -0.234142706 -0.008175275 0.972167850 103.030311584
0.970799267 0.035916947 0.237188965 59.238517761 -0.036690541 0.999325991 -0.001153443 -3.109118700 -0.237070531 -0.007582829 0.971462846 103.657279968
0.970781744 0.032841880 0.237706169 59.392623901 -0.032700710 0.999454796 -0.004538080 -3.116354704 -0.237725601 -0.003367674 0.971326470 104.304145813
0.970978796 0.032405842 0.236960173 59.563793182 -0.030570287 0.999467432 -0.011417470 -3.126515627 -0.237203941 0.003842182 0.971452177 104.952301025
0.971113682 0.034555137 0.236102059 59.718666077 -0.031164695 0.999350786 -0.018077958 -3.137367010 -0.236573443 0.010197703 0.971560061 105.612136841
0.971621811 0.037542235 0.233542070 59.872219086 -0.033332802 0.999203444 -0.021946598 -3.146963596 -0.234179944 0.013539179 0.972099006 106.294021606
0.972281456 0.035667259 0.231077537 60.033409119 -0.032525338 0.999319553 -0.017393311 -3.160829067 -0.231540680 0.009395317 0.972779810 106.978752136
0.972727060 0.031547971 0.229797438 60.202594757 -0.030113850 0.999498963 -0.009746001 -3.176170588 -0.229989797 0.002560113 0.973189652 107.672729492
0.973315775 0.032035049 0.227222934 60.368400574 -0.032001283 0.999480486 -0.003833435 -3.191424370 -0.227227658 -0.003540283 0.973835230 108.394035339
0.973579109 0.035163034 0.225626603 60.521293640 -0.035086147 0.999374807 -0.004351904 -3.208518744 -0.225638568 -0.003679446 0.974204063 109.119216919
0.973852992 0.041259795 0.223400742 60.679603577 -0.040196236 0.999148607 -0.009308080 -3.213416338 -0.223594517 0.000084833 0.974682271 109.846420288
0.974744737 0.041986711 0.219339252 60.841346741 -0.039762322 0.999103367 -0.014547994 -3.225390434 -0.219753355 0.005459143 0.975540221 110.583137512
0.975641012 0.040830504 0.215539828 61.007019043 -0.037970465 0.999127507 -0.017395096 -3.240775824 -0.216061980 0.008787224 0.976340055 111.345619202
0.976543307 0.039036665 0.211752728 61.170269012 -0.036517028 0.999208212 -0.015798097 -3.256472349 -0.212201729 0.007694946 0.977195561 112.119125366
0.977427542 0.035004839 0.208350733 61.333087921 -0.032839231 0.999364853 -0.013845086 -3.272528172 -0.208703011 0.006690491 0.977956176 112.893272400
0.977830291 0.033611588 0.206683457 61.500900269 -0.032049675 0.999426782 -0.010901586 -3.291758776 -0.206931412 0.004035765 0.978347123 113.682167053
0.978189230 0.030301474 0.205493897 61.669300079 -0.029143363 0.999537766 -0.008660807 -3.302563190 -0.205661342 0.002483126 0.978620052 114.486251831
0.978400707 0.025360242 0.205155879 61.839172363 -0.024365636 0.999675930 -0.007373251 -3.317126274 -0.205276385 0.002215242 0.978701532 115.284965515
0.978534043 0.026064534 0.204430267 62.009677887 -0.025373055 0.999660075 -0.006003389 -3.327107906 -0.204517245 0.000687501 0.978862762 116.102272034
0.978276312 0.031198924 0.204944089 62.167293549 -0.030189363 0.999511778 -0.008051724 -3.338792324 -0.205095232 0.001689679 0.978740633 116.916862488
0.977966905 0.037376679 0.205386847 62.326519012 -0.035800871 0.999294102 -0.011384523 -3.351716518 -0.205667377 0.003780658 0.978614688 117.728141785
0.977454543 0.045808163 0.206117034 62.488563538 -0.044102482 0.998944223 -0.012864701 -3.367183685 -0.206488699 0.003484389 0.978442848 118.552223206
0.976488590 0.051821146 0.209247753 62.646030426 -0.050371211 0.998655379 -0.012256075 -3.387711048 -0.209601521 0.001427856 0.977785885 119.382476807
0.975792706 0.053690072 0.212004796 62.820110321 -0.052707970 0.998557031 -0.010285376 -3.410273314 -0.212251097 -0.001137950 0.977214515 120.204574585
0.975285411 0.054006822 0.214246824 63.002464294 -0.052851599 0.998540521 -0.011120865 -3.427449226 -0.214534745 -0.000477270 0.976716280 121.038337708
0.974858463 0.052879643 0.216459870 63.179180145 -0.051065490 0.998597503 -0.013969693 -3.443477154 -0.216895029 0.002564847 0.976191580 121.869812012
0.974885285 0.046670552 0.217762828 63.371356964 -0.045002710 0.998907268 -0.012614994 -3.465100765 -0.218113601 0.002498257 0.975920200 122.713394165
0.975176215 0.039534371 0.217872396 63.567317963 -0.037386324 0.999203146 -0.013974358 -3.491899967 -0.218251258 0.005482013 0.975877225 123.547264099
0.974895418 0.038587566 0.219294250 63.750545502 -0.036397740 0.999239087 -0.014018711 -3.513514519 -0.219668329 0.005684962 0.975558102 124.386573792
0.974376857 0.041205697 0.221114889 63.936775208 -0.039753400 0.999148846 -0.011016109 -3.532813787 -0.221380606 0.001943773 0.975185513 125.224166870
0.973910809 0.043631528 0.222697139 64.112182617 -0.043561511 0.999037206 -0.005229032 -3.553910255 -0.222710848 -0.004608411 0.974873662 126.071121216
0.973642409 0.047094159 0.223164916 64.303169250 -0.048025385 0.998845458 -0.001255676 -3.569615126 -0.222966358 -0.009495002 0.974779904 126.898468018
0.973384500 0.046538632 0.224403098 64.485466003 -0.045986075 0.998912454 -0.007691011 -3.590083599 -0.224516988 -0.002833107 0.974466085 127.722259521
0.973669887 0.042231411 0.224016592 64.678108215 -0.038253531 0.999024391 -0.022069328 -3.610646248 -0.224730045 0.012918815 0.974335432 128.536254883
