1.000000000 0.000000000 0.000000000 0.000000000 0.000000000 1.000000000 0.000000000 0.000000000 0.000000000 0.000000000 1.000000000 0.000000000
0.999037206 -0.000478531 0.043867756 0.044206802 0.000586196 0.999996781 -0.002441471 -0.019113766 -0.043866452 0.002464835 0.999034345 1.025758386
0.996023476 -0.004609213 0.088971540 0.137176141 0.005275837 0.999959707 -0.007258833 -0.040354881 -0.088934518 0.007699368 0.996007740 2.048825502
0.990897238 -0.003764746 0.134567231 0.270446777 0.005320330 0.999923110 -0.011202171 -0.064924233 -0.134514719 0.011816142 0.990841150 3.061407328
0.983555257 -0.001184583 0.180603594 0.452009469 0.003701292 0.999900699 -0.013598622 -0.090883143 -0.180569544 0.014043462 0.983461916 4.078406334
0.974013507 -0.003702977 0.226459533 0.686993778 0.006941991 0.999884665 -0.013508126 -0.122146994 -0.226383388 0.014729178 0.973926902 5.085587025
0.962340772 -0.004187203 0.271813780 0.959696889 0.008540522 0.999853432 -0.014834794 -0.152456492 -0.271711886 0.016597558 0.962235451 6.090282917
0.948802531 -0.006824969 0.315796494 1.283833027 0.012967801 0.999765217 -0.017354565 -0.187163606 -0.315603971 0.020561241 0.948668242 7.071497917
0.933607817 -0.008530093 0.358194888 1.657498002 0.016506905 0.999679148 -0.019217527 -0.217237681 -0.357915998 0.023854330 0.933448970 8.035516739
0.916297078 -0.008610672 0.400406688 2.067967176 0.018108508 0.999637246 -0.019942783 -0.251745880 -0.400089741 0.025524283 0.916120470 8.969261169
0.896662712 -0.008913835 0.442624629 2.514138460 0.019100210 0.999645233 -0.018561495 -0.285480171 -0.442302138 0.025097622 0.896514893 9.875776291
0.874777615 -0.008578300 0.484448701 3.009823084 0.019464532 0.999658465 -0.017446153 -0.326830178 -0.484133512 0.024691079 0.874645710 10.779260635
0.850776553 -0.008780827 0.525454223 3.546366692 0.020358257 0.999660611 -0.016257327 -0.362802714 -0.525133133 0.024528686 0.850666523 11.642936707
0.825309217 -0.009316885 0.564604163 4.132724762 0.022398606 0.999617100 -0.016245820 -0.404387504 -0.564236641 0.026054172 0.825201929 12.490337372
0.797997415 -0.010778074 0.602564514 4.742436409 0.025302785 0.999557614 -0.015630275 -0.439646155 -0.602129459 0.027719481 0.797917128 13.290255547
0.769167423 -0.009829572 0.638971686 5.406628609 0.026162598 0.999527752 -0.016117282 -0.474832088 -0.638511419 0.029114051 0.769061387 14.098707199
0.738685727 -0.012978267 0.673925102 6.086136341 0.030998165 0.999410927 -0.014730539 -0.506329000 -0.673336923 0.031771682 0.738652766 14.833372116
0.706428766 -0.012174307 0.707679331 6.824893951 0.031421483 0.999405742 -0.014173038 -0.537089169 -0.707086205 0.032248579 0.706391513 15.571182251
0.672173858 -0.010782508 0.740314841 7.570592880 0.032289758 0.999369442 -0.014762123 -0.570563972 -0.739688933 0.033827301 0.672098279 16.250637054
0.636896551 -0.012212486 0.770852447 8.371982574 0.037451111 0.999184191 -0.015113097 -0.597871900 -0.770038962 0.038494766 0.636834383 16.902807236
0.600003660 -0.010542100 0.799927711 9.162019730 0.037617754 0.999178946 -0.015048051 -0.626094460 -0.799112320 0.039120372 0.599907696 17.496273041
0.562145352 -0.009577074 0.826982975 10.020402908 0.040823225 0.999035358 -0.016180199 -0.661474824 -0.826030433 0.042855743 0.561993957 18.083126068
0.523111880 -0.007558952 0.852230489 10.864953041 0.045007862 0.998810351 -0.018767443 -0.687764406 -0.851074815 0.048174541 0.522829711 18.603988647
0.483944386 -0.006268091 0.875076294 11.771103859 0.046257749 0.998759508 -0.018427955 -0.714696586 -0.873875260 0.049397159 0.483634084 19.108930588
0.445864379 -0.008375935 0.895061374 12.689999580 0.051992483 0.998510242 -0.016555442 -0.748008430 -0.893589258 0.053917944 0.445635557 19.554479599
0.409045190 -0.009007537 0.912469685 13.615458488 0.056041587 0.998311698 -0.015267587 -0.775447845 -0.910791576 0.057381384 0.408859342 19.948593140
0.373666704 -0.006635569 0.927539289 14.559885979 0.057766598 0.998199761 -0.016130678 -0.798140705 -0.925762475 0.059608296 0.373377383 20.318374634
0.340254456 -0.007366451 0.940304518 15.516778946 0.058021657 0.998228312 -0.013175227 -0.822905421 -0.938541651 0.059040945 0.340079069 20.660692215
0.306993991 -0.008947551 0.951669395 16.529224396 0.060607743 0.998109877 -0.010166945 -0.846199691 -0.949779689 0.060799725 0.306955963 20.975740433
0.274180144 -0.008795734 0.961638153 17.527500153 0.061261717 0.998086929 -0.008337689 -0.864599228 -0.959725082 0.061197624 0.274194449 21.256097794
0.241951481 -0.006026051 0.970269620 18.540872574 0.059023112 0.998220384 -0.008518665 -0.888364911 -0.968491495 0.059329435 0.241876543 21.508922577
0.211019471 -0.004320673 0.977472305 19.587444305 0.058802672 0.998235285 -0.008282037 -0.905214190 -0.975711524 0.059225660 0.210901156 21.733791351
0.180346668 -0.004167152 0.983594298 20.620368958 0.060735982 0.998129964 -0.006907497 -0.924425185 -0.981726110 0.060985304 0.180262521 21.922754288
0.149806738 -0.004246521 0.988706172 21.703763962 0.062766187 0.998014510 -0.005223703 -0.937859356 -0.986720979 0.062839866 0.149775848 22.082715988
0.119257361 -0.004968246 0.992850959 22.793395996 0.061003715 0.998134732 -0.002332839 -0.950851321 -0.990987480 0.060845800 0.119338006 22.215873718
0.089923531 -0.005348010 0.995934308 23.906072617 0.061670426 0.998096526 -0.000208641 -0.965306520 -0.994037509 0.061438452 0.090082191 22.315029144
0.062771633 -0.004924992 0.998015761 25.037284851 0.064505793 0.997916877 0.000867319 -0.967919946 -0.995941103 0.064323351 0.062958568 22.377176285
0.037667811 -0.004473697 0.999280274 26.177940369 0.068728447 0.997633636 0.001875611 -0.982172132 -0.996924043 0.068608329 0.037886139 22.412616730
0.014980544 -0.004056621 0.999879539 27.353288651 0.073024251 0.997325778 0.002952186 -0.986883223 -0.997217655 0.072971262 0.015236715 22.416189194
-0.005413987 -0.004220406 0.999976456 28.518957138 0.078731626 0.996885002 0.004633623 -0.987579703 -0.996881127 0.078754850 -0.005064845 22.409782410
-0.023126828 -0.004846519 0.999720812 29.730350494 0.083142444 0.996514916 0.006754335 -0.990605354 -0.996269226 0.083275422 -0.022643276 22.369571686
-0.038460296 -0.004617009 0.999249458 30.945119858 0.086391225 0.996229768 0.007928185 -0.989588141 -0.995518625 0.086631291 -0.037916422 22.303758621
-0.052996527 -0.005396240 0.998580098 32.166316986 0.088597104 0.996016443 0.010084403 -0.991661787 -0.994656682 0.089005753 -0.052307323 22.237844467
-0.066002041 -0.006340382 0.997799337 33.390464783 0.088948816 0.995961308 0.012212454 -0.987650871 -0.993846953 0.089559101 -0.065171517 22.145822525
-0.078181699 -0.006495176 0.996917963 34.617404938 0.088609442 0.995975792 0.013438093 -0.991777301 -0.992993474 0.089386970 -0.077291533 22.049427032
-0.089508958 -0.003480019 0.995979965 35.853050232 0.088576205 0.996003628 0.011440466 -0.982394755 -0.992039502 0.089244127 -0.088843010 21.946060181
-0.099508189 -0.000175860 0.995036721 37.108535767 0.089050233 0.995985687 0.009081456 -0.976156235 -0.991043985 0.089511923 -0.099093080 21.819984436
-0.108995572 0.002395371 0.994039297 38.402484894 0.090102434 0.995904386 0.007479791 -0.969490588 -0.989950180 0.090380639 -0.108764999 21.676008224
-0.116495743 0.003486863 0.993184984 39.709182739 0.090118103 0.995906055 0.007073998 -0.963571668 -0.989094198 0.090328045 -0.116333030 21.522270203
-0.122380309 0.004063658 0.992474973 41.025379181 0.089597262 0.995953679 0.006970177 -0.960216641 -0.988430738 0.089776054 -0.122249216 21.370267868
-0.127550527 0.005701361 0.991815627 42.373722076 0.090838477 0.995847821 0.005957569 -0.954692125 -0.987663507 0.090854935 -0.127538815 21.202650070
-0.132211760 0.007520563 0.991192937 43.728256226 0.089645244 0.995964050 0.004400700 -0.944799006 -0.987159431 0.089437559 -0.132352307 21.025318146
-0.136258543 0.008363370 0.990637958 45.112976074 0.090572245 0.995881617 0.004050236 -0.944950759 -0.986524343 0.090276189 -0.136454880 20.835346222
-0.139108807 0.006997969 0.990252376 46.520740509 0.090196252 0.995908082 0.005632664 -0.947987258 -0.986160934 0.090100609 -0.139170766 20.641380310
-0.142584562 0.005159283 0.989769220 48.013065338 0.090934098 0.995825410 0.007908967 -0.940631807 -0.985596597 0.091131471 -0.142458484 20.431165695
-0.143696770 0.003546842 0.989615381 49.385711670 0.091070578 0.995797634 0.009654868 -0.949788511 -0.985422432 0.091512203 -0.143415913 20.228855133
-0.145968646 0.004369340 0.989279568 50.828151703 0.093873776 0.995539188 0.009454130 -0.941318870 -0.984825253 0.094247416 -0.145727664 20.030397415
-0.146790281 0.004057866 0.989159286 52.318439484 0.093648314 0.995557070 0.009813206 -0.932601929 -0.984724581 0.094073609 -0.146518081 19.787563324
-0.147617102 0.005410491 0.989029765 53.802169800 0.095971167 0.995344639 0.008879092 -0.922235072 -0.984377325 0.096229076 -0.147449121 19.570716858
-0.147424400 0.005406429 0.989058554 55.310100555 0.095685244 0.995372534 0.008821450 -0.915998161 -0.984434068 0.095938802 -0.147259548 19.340646744
-0.146871671 0.006995982 0.989130914 56.839027405 0.095481366 0.995405555 0.007137242 -0.906695783 -0.984536469 0.095491812 -0.146864861 19.112764359
-0.145569429 0.007413037 0.989320338 58.364097595 0.096208327 0.995338678 0.006698044 -0.892570794 -0.984659076 0.096155874 -0.145604074 18.887962341
-0.144160345 0.005551666 0.989538789 59.974693298 0.095487274 0.995395780 0.008326481 -0.900014102 -0.984936535 0.095688716 -0.144026726 18.650499344
-0.142820463 0.006370356 0.989728093 61.569797516 0.096765719 0.995278478 0.007557475 -0.893934608 -0.985006928 0.096851125 -0.142762542 18.414409637
-0.141949102 0.007075754 0.989848793 63.180828094 0.096363164 0.995323658 0.006704056 -0.882262945 -0.985172331 0.096336581 -0.141967148 18.189767838
-0.140785873 0.007855673 0.990008891 64.785118103 0.097470254 0.995220602 0.005963892 -0.875870585 -0.985230386 0.097336061 -0.140878677 17.962009430
-0.139799327 0.007974548 0.990147769 66.478179932 0.097504579 0.995218456 0.005751318 -0.864771843 -0.985367477 0.097347967 -0.139908388 17.717844009
-0.138442516 0.006867631 0.990346730 68.127510071 0.099415168 0.995021403 0.006997390 -0.850674152 -0.985368133 0.099424191 -0.138436005 17.479736328
-0.138561472 0.004434675 0.990343928 69.832664490 0.101854809 0.994750977 0.009796348 -0.859927595 -0.985102117 0.102228679 -0.138285846 17.256845474
-0.137300074 0.005626970 0.990513563 71.519584656 0.103596412 0.994581282 0.008709942 -0.853097796 -0.985097170 0.103809506 -0.137139022 17.014032364
-0.136747926 0.007580176 0.990576863 73.208641052 0.105969168 0.994344771 0.007019905 -0.849790096 -0.984921575 0.105930567 -0.136777833 16.788560867
-0.135767460 0.007173243 0.990714729 74.913619995 0.105100840 0.994435489 0.007202825 -0.846196055 -0.985150337 0.105102859 -0.135765895 16.553121567
-0.135806739 0.006907834 0.990711272 76.651138306 0.105721742 0.994367003 0.007559018 -0.848680496 -0.985078335 0.105766296 -0.135772035 16.318382263
-0.135443807 0.005907047 0.990767419 78.392547607 0.105590336 0.994373262 0.008506286 -0.841811001 -0.985142410 0.105767608 -0.135305449 16.076511383
-0.135337889 0.005895710 0.990781903 80.125022888 0.107123740 0.994207501 0.008716692 -0.842314541 -0.984991431 0.107315972 -0.135185510 15.848810196
-0.135474056 0.005848374 0.990763545 81.884834290 0.108341523 0.994073451 0.008946382 -0.833232701 -0.984839499 0.108552858 -0.135304764 15.619076729
-0.135426715 0.006909480 0.990763247 83.660652161 0.108533613 0.994061351 0.007902904 -0.818949759 -0.984824896 0.108601391 -0.135372415 15.373949051
-0.136083230 0.007806291 0.990666628 85.462242126 0.108524166 0.994068623 0.007074360 -0.818390489 -0.984735429 0.108473994 -0.136123240 15.130105019
-0.137273639 0.008642291 0.990495443 87.252548218 0.107777655 0.994155228 0.006262776 -0.814675748 -0.984652162 0.107612982 -0.137402758 14.893612862
-0.138857305 0.009018010 0.990271330 89.053939819 0.106612265 0.994283140 0.005894783 -0.812541306 -0.984556973 0.106393598 -0.139024884 14.653255463
-0.139947504 0.008049575 0.990126193 90.878448486 0.105878226 0.994355321 0.006881198 -0.814791262 -0.984481871 0.105795801 -0.140009806 14.403832436
-0.140926182 0.007779369 0.989989519 92.706970215 0.106175065 0.994320571 0.007300745 -0.812289357 -0.984310269 0.106141083 -0.140951782 14.148002625
-0.141414851 0.006785072 0.989927173 94.556617737 0.103553191 0.994591951 0.007975924 -0.807969332 -0.984519422 0.103638023 -0.141352713 13.889440536
-0.143297821 0.007717744 0.989649534 96.397254944 0.103223793 0.994632185 0.007189846 -0.802062809 -0.984281778 0.103185683 -0.143325269 13.628424644
-0.145661339 0.008572810 0.989297390 98.275863647 0.102675676 0.994693637 0.006498105 -0.796340048 -0.983992100 0.102523297 -0.145768628 13.347328186
-0.149814889 0.009760974 0.988665879 100.162605286 0.103377618 0.994625032 0.005845250 -0.786673307 -0.983294725 0.103081629 -0.150018722 13.065587044
-0.154341593 0.008721715 0.987978995 102.044036865 0.101025075 0.994859219 0.006999634 -0.783791125 -0.982839048 0.100891002 -0.154429272 12.779497147
-0.159345284 0.007842570 0.987191737 103.952087402 0.099444576 0.995009661 0.008146941 -0.783095360 -0.982201457 0.099469043 -0.159329996 12.481924057
-0.163930342 0.008464539 0.986435592 105.858543396 0.098322764 0.995123982 0.007800630 -0.786987007 -0.981559634 0.098267838 -0.163963258 12.172481537
-0.168135449 0.010478328 0.985708237 107.777397156 0.099095732 0.995057821 0.006325361 -0.780665517 -0.980770350 0.098742992 -0.168342844 11.835660934
-0.172688991 0.011991811 0.984903514 109.706909180 0.098756351 0.995098054 0.005199604 -0.785028756 -0.980013072 0.098163374 -0.173026785 11.499053955
-0.177394420 0.012010753 0.984066546 111.630729675 0.097778603 0.995193124 0.005479670 -0.794028878 -0.979270399 0.097192720 -0.177716076 11.161848068
-0.182318881 0.011935059 0.983166993 113.575592041 0.095836371 0.995380819 0.005688609 -0.792195916 -0.978557706 0.095260307 -0.182620540 10.809486389
-0.187423304 0.011312224 0.982214153 115.540084839 0.094303407 0.995522082 0.006529214 -0.793833792 -0.977741957 0.093849868 -0.187650830 10.439975739
-0.193364248 0.010754445 0.981068075 117.490295410 0.092781842 0.995659173 0.007372504 -0.788064301 -0.976730108 0.092450872 -0.193522692 10.074072838
-0.198111787 0.010491961 0.980123281 119.459983826 0.092825703 0.995649457 0.008104646 -0.784046769 -0.975774109 0.092586257 -0.198223814 9.672244072
-0.204497755 0.012210327 0.978790820 121.418991089 0.093801059 0.995565057 0.007178174 -0.778894305 -0.974362314 0.093279533 -0.204736188 9.284505844
-0.209780037 0.013465675 0.977655888 123.377601624 0.093648374 0.995584786 0.006381934 -0.778757989 -0.973253489 0.092894688 -0.210114881 8.870974541
-0.216060996 0.013357209 0.976288497 125.374954224 0.093667224 0.995578170 0.007108236 -0.768073857 -0.971876502 0.092982039 -0.216356725 8.443670273
-0.221657768 0.012989254 0.975037992 127.352973938 0.092425719 0.995689452 0.007746998 -0.767390966 -0.970734358 0.091835767 -0.221902847 8.005157471
-0.226944357 0.013915285 0.973808289 129.343917847 0.091652632 0.995765448 0.007130446 -0.760210395 -0.969585478 0.090870298 -0.227258742 7.549157619
-0.232361913 0.014305108 0.972524166 131.340332031 0.090636745 0.995859385 0.007007177 -0.762583673 -0.968397081 0.089774631 -0.232696354 7.088422775
-0.236721605 0.013831348 0.971479058 133.333953857 0.091880701 0.995736301 0.008211988 -0.756785870 -0.967223227 0.091204144 -0.236983106 6.606822491
-0.240279481 0.013922515 0.970603883 135.338790894 0.094277829 0.995504677 0.009059409 -0.745644093 -0.966114640 0.093683220 -0.240511939 6.103806973
-0.243674874 0.014770300 0.969744503 137.348678589 0.095681116 0.995372355 0.008881858 -0.742492020 -0.965125680 0.094950505 -0.243960500 5.600324154
-0.246936440 0.015505469 0.968907535 139.363204956 0.096331753 0.995311916 0.008623153 -0.741706491 -0.964231551 0.095465943 -0.247272432 5.093439102
-0.250283152 0.015283102 0.968052030 141.407684326 0.095331490 0.995405495 0.008932354 -0.737979114 -0.963467836 0.094521470 -0.250590175 4.570144176
-0.254107535 0.015822178 0.967046559 143.413162231 0.094013363 0.995535374 0.008415279 -0.737319350 -0.962595820 0.093053676 -0.254460543 4.049337387
-0.258586794 0.016650949 0.965844512 145.437316895 0.093422316 0.995595634 0.007848226 -0.737327874 -0.961459875 0.092260875 -0.259003431 3.516770124
-0.262820244 0.015623350 0.964718282 147.512527466 0.091615073 0.995755315 0.008832910 -0.743626773 -0.960485339 0.090704210 -0.263136089 2.964632273
-0.267870039 0.016071754 0.963320911 149.556488037 0.091587275 0.995757699 0.008854697 -0.741577029 -0.959091961 0.090599850 -0.268205643 2.409588575
-0.272762090 0.016243866 0.961944401 151.606292725 0.090751775 0.995833755 0.008916785 -0.745270252 -0.957791686 0.089730330 -0.273099780 1.845969200
-0.277559787 0.016240563 0.960571110 153.668792725 0.089917056 0.995907307 0.009143795 -0.741157055 -0.956491232 0.088909678 -0.277884126 1.251225233
-0.281914979 0.015760431 0.959309876 155.697418213 0.089926317 0.995897532 0.010065357 -0.737472236 -0.955215812 0.089104764 -0.282175720 0.666810930
-0.286426127 0.015736647 0.957973003 157.745834351 0.090374082 0.995850921 0.010662246 -0.738430083 -0.953830421 0.089629889 -0.286659837 0.060610030
-0.290851831 0.016259689 0.956629872 159.823593140 0.090853900 0.995806754 0.010697473 -0.729576290 -0.952444613 0.090024933 -0.291109532 -0.554934502
-0.294348210 0.017614515 0.955535829 161.893142700 0.091191821 0.995785773 0.009734706 -0.719279528 -0.951337516 0.090002440 -0.294714034 -1.191728115
-0.298323184 0.018881764 0.954278111 163.958663940 0.090685688 0.995841980 0.008645685 -0.720120311 -0.950147033 0.089118585 -0.298795074 -1.823424101
-0.301643908 0.020538177 0.953199387 166.030548096 0.091953576 0.995733976 0.007644441 -0.715061009 -0.948976040 0.089955993 -0.302245677 -2.470569134
-0.305328786 0.021046268 0.952014387 168.130050659 0.091081932 0.995817363 0.007197053 -0.706725359 -0.947880924 0.088908769 -0.305968702 -3.122296333
-0.309025884 0.020845355 0.950825155 170.209442139 0.091436371 0.995779693 0.007886648 -0.715473592 -0.946648002 0.089377180 -0.309627712 -3.785975933
-0.313070297 0.021106115 0.949495375 172.268966675 0.090724371 0.995845795 0.007777471 -0.706569433 -0.945386708 0.088577278 -0.313684553 -4.450595856
-0.317135990 0.022215229 0.948119879 174.369567871 0.093272425 0.995609522 0.007870682 -0.706851602 -0.943782270 0.090929501 -0.317815661 -5.142123222
-0.320204973 0.022760307 0.947074831 176.471237183 0.095638648 0.995380580 0.008414128 -0.702892900 -0.942508340 0.093271203 -0.320902646 -5.852419853
-0.322885305 0.022159584 0.946178675 178.548889160 0.096384011 0.995298088 0.009581271 -0.703058481 -0.941517472 0.094290160 -0.323502958 -6.560783863
-0.325577736 0.021909326 0.945261359 180.650558472 0.096253850 0.995305717 0.010083601 -0.698019803 -0.940603197 0.094268054 -0.326158255 -7.279266357
-0.328415573 0.022542899 0.944264293 182.742858887 0.095398210 0.995394647 0.009415983 -0.691348553 -0.939703286 0.093173467 -0.329053670 -7.999844074
-0.330786556 0.024217576 0.943394840 184.858001709 0.094582029 0.995487988 0.007608854 -0.695002198 -0.938953876 0.091745093 -0.331584543 -8.747116089
-0.334303081 0.026288671 0.942098916 186.980606079 0.094099447 0.995547116 0.005611011 -0.687497795 -0.937756240 0.090526775 -0.335288107 -9.487207413
-0.337477922 0.027142415 0.940942049 189.095855713 0.093078673 0.995647788 0.004663105 -0.692956567 -0.936720312 0.089155339 -0.338535607 -10.233229637
-0.341083765 0.028014407 0.939615309 191.222091675 0.091354050 0.995812416 0.003471944 -0.699040115 -0.935583413 0.087021902 -0.342214644 -10.971876144
-0.345087349 0.028701372 0.938131630 193.363815308 0.092652842 0.995691895 0.003619537 -0.702888906 -0.933986187 0.088169612 -0.346259952 -11.737038612
-0.349122167 0.027534757 0.936672747 195.521499634 0.091690369 0.995775521 0.004903205 -0.712847650 -0.932580650 0.087595671 -0.350171924 -12.517670631
-0.352647126 0.027233766 0.935359955 197.675842285 0.091798447 0.995761752 0.005617219 -0.709031045 -0.931242645 0.087845497 -0.353652567 -13.322521210
-0.356384844 0.027100811 0.933946133 199.843048096 0.091511637 0.995785713 0.006024716 -0.712192953 -0.929846942 0.087614059 -0.357363015 -14.147047997
-0.360071093 0.027432607 0.932521462 202.012298584 0.090783022 0.995854020 0.005758021 -0.709725142 -0.928497314 0.086730443 -0.361068666 -14.979306221
-0.363641351 0.028281149 0.931109607 204.166519165 0.090145268 0.995916307 0.004956329 -0.711243212 -0.927167058 0.085737437 -0.364705771 -15.816811562
-0.367159367 0.028567435 0.929719269 206.345352173 0.089919567 0.995936930 0.004908415 -0.724037766 -0.925801516 0.085402124 -0.368236333 -16.667741776
-0.370200515 0.029350715 0.928488076 208.476776123 0.090405189 0.995894611 0.004564221 -0.734708369 -0.924542248 0.085629813 -0.371334165 -17.509838104
-0.372876883 0.029021818 0.927426815 210.619033813 0.091565236 0.995782971 0.005653403 -0.743554950 -0.923351884 0.087028064 -0.373961836 -18.372627258
-0.375881284 0.028355474 0.926233828 212.768539429 0.092979364 0.995641649 0.007252282 -0.757108927 -0.921991408 0.088846624 -0.376879513 -19.231389999
-0.378535092 0.028950224 0.925134122 214.936035156 0.093718998 0.995572627 0.007192343 -0.761846542 -0.920830011 0.089425199 -0.379572332 -20.113824844
-0.381818205 0.030246880 0.923742354 217.130905151 0.093375169 0.995612860 0.005995346 -0.754622698 -0.919508517 0.088543735 -0.382967442 -21.007156372
-0.384455264 0.030246722 0.922647953 219.286422729 0.092708431 0.995675206 0.005989638 -0.764072537 -0.918476641 0.087839991 -0.385596722 -21.894983292
-0.387489736 0.031692777 0.921329081 221.445800781 0.092782363 0.995674908 0.004771921 -0.777160645 -0.917193055 0.087332167 -0.388754368 -22.805702209
-0.390399963 0.032815125 0.920060456 223.596267700 0.092579313 0.995698154 0.003770401 -0.785561025 -0.915978670 0.086650521 -0.391758531 -23.711467743
-0.393165559 0.032681048 0.918886721 225.746826172 0.090079024 0.995929718 0.003121112 -0.800546110 -0.915044546 0.083999537 -0.394509166 -24.608182907
-0.396454722 0.033764888 0.917433143 227.912048340 0.091104828 0.995837569 0.002719106 -0.814877450 -0.913522601 0.084660590 -0.397880673 -25.535955429
-0.399414003 0.033079229 0.916173697 230.079040527 0.091873929 0.995762169 0.004100400 -0.833989322 -0.912155449 0.085810237 -0.400760472 -26.470911026
-0.402775884 0.032211114 0.914731681 232.241622925 0.091868944 0.995756626 0.005387562 -0.847077608 -0.910676479 0.086205423 -0.404025912 -27.402002335
-0.406269014 0.031373248 0.913214803 234.371582031 0.090374961 0.995889783 0.005992285 -0.854315221 -0.909273267 0.084966227 -0.407434464 -28.347749710
-0.409409106 0.031741612 0.911798596 236.518341064 0.089120544 0.996006489 0.005343193 -0.862852693 -0.907987654 0.083447546 -0.410602987 -29.296104431
-0.413608015 0.031118525 0.909923017 238.690734863 0.087367319 0.996160150 0.005645301 -0.865565896 -0.906253457 0.081832498 -0.414738595 -30.260795593
-0.417726249 0.030344447 0.908066034 240.828155518 0.085988574 0.996276438 0.006264112 -0.872262597 -0.904494703 0.080699980 -0.418780118 -31.214551926
-0.421577305 0.030623687 0.906275153 242.974334717 0.085716262 0.996300280 0.006207441 -0.882837474 -0.902732134 0.080299444 -0.422642529 -32.204116821
-0.425924450 0.030290490 0.904251516 245.107315063 0.084808879 0.996375561 0.006570596 -0.891942620 -0.900775135 0.079487145 -0.426949680 -33.184001923
-0.430506855 0.029465653 0.902106225 247.270828247 0.083309039 0.996497691 0.007208318 -0.901883602 -0.898734331 0.078256845 -0.431453854 -34.191356659
-0.434872746 0.029245824 0.900016904 249.380447388 0.082133733 0.996594548 0.007301522 -0.907977998 -0.896738410 0.077096976 -0.435793877 -35.189456940
-0.439017147 0.029756879 0.897985756 251.489730835 0.082064383 0.996601701 0.007095775 -0.923733592 -0.894723058 0.076807790 -0.439967245 -36.203258514
-0.443074673 0.030090658 0.895979583 253.585006714 0.082043014 0.996603489 0.007101421 -0.932287455 -0.892722607 0.076655321 -0.444038510 -37.211849213
-0.447069705 0.030079868 0.893993199 255.700942993 0.081875615 0.996614933 0.007411756 -0.937017977 -0.890744090 0.076509826 -0.448019177 -38.250514984
-0.450931698 0.030270798 0.892045021 257.789520264 0.080448993 0.996735215 0.006843855 -0.948200405 -0.888925493 0.074850217 -0.451894760 -39.297157288
-0.454923213 0.030679487 0.890002012 259.889312744 0.080871575 0.996700227 0.006979887 -0.957875371 -0.886851013 0.075151198 -0.455903053 -40.355548859
-0.458691210 0.031008445 0.888054550 261.981323242 0.081150100 0.996676505 0.007113803 -0.965223312 -0.884882510 0.075328752 -0.459683090 -41.420200348
-0.462410122 0.032397751 0.886074066 264.089813232 0.082311124 0.996585310 0.006516790 -0.963757575 -0.882837355 0.075947165 -0.463497847 -42.505210876
-0.466020763 0.034630679 0.884095788 266.181640625 0.084604926 0.996399045 0.005566913 -0.967096627 -0.880719364 0.077393159 -0.467272580 -43.606246948
-0.468785465 0.035368506 0.882603645 268.283660889 0.085659117 0.996308863 0.005571899 -0.971134007 -0.879148841 0.078215070 -0.470084786 -44.723030090
-0.471478432 0.037761595 0.881068707 270.378906250 0.087836452 0.996125579 0.004310340 -0.974668801 -0.877492368 0.079422191 -0.472968549 -45.838558197
-0.474059135 0.040097397 0.879579484 272.466186523 0.089348257 0.995996654 0.002750734 -0.984602153 -0.875947952 0.079892918 -0.475744009 -46.957916260
-0.476893008 0.040837519 0.878012180 274.585754395 0.090588443 0.995884240 0.002883273 -0.993929744 -0.874280691 0.080912769 -0.478629589 -48.112533569
-0.479960650 0.041976552 0.876285195 276.710968018 0.091029324 0.995845854 0.002154905 -1.002760768 -0.872554541 0.080801904 -0.481787950 -49.261875153
-0.483555824 0.041764282 0.874316573 278.848968506 0.089787453 0.995958745 0.002083621 -1.007094145 -0.870696247 0.079510212 -0.485351562 -50.423751831
-0.486989498 0.043180794 0.872339725 280.985992432 0.090971798 0.995852232 0.001490947 -1.015650272 -0.868657231 0.080084383 -0.488897890 -51.606300354
-0.490029603 0.043359067 0.870626688 283.117858887 0.090001673 0.995941043 0.001057177 -1.024224520 -0.867047131 0.078875914 -0.491942942 -52.804058075
-0.492755592 0.043232433 0.869093120 285.271636963 0.088333391 0.996090949 0.000533151 -1.028606772 -0.865672588 0.077032670 -0.494648218 -54.012500763
-0.495212227 0.043933082 0.867660522 287.419281006 0.089836396 0.995956123 0.000844409 -1.035160899 -0.864114761 0.078365669 -0.497156471 -55.229759216
-0.497459590 0.043910857 0.866375029 289.573425293 0.091499202 0.995802939 0.002066770 -1.050137877 -0.862648129 0.080300771 -0.499389589 -56.453884125
-0.499939203 0.044156846 0.864934206 291.746826172 0.092277028 0.995730221 0.002502609 -1.054366946 -0.861130476 0.081064701 -0.501879334 -57.695625305
-0.501708150 0.043552954 0.863939822 293.901702881 0.091961868 0.995757282 0.003206058 -1.063943982 -0.860134840 0.081058040 -0.503584802 -58.937995911
-0.503940701 0.043024916 0.862665951 296.120635986 0.091240168 0.995822310 0.003633457 -1.050655723 -0.858905733 0.080540836 -0.505760968 -60.244113922
-0.506487370 0.043422777 0.861153305 298.325134277 0.092319548 0.995720983 0.004089516 -1.042636752 -0.857290864 0.081572562 -0.508328915 -61.542518616
-0.508750677 0.043046881 0.859836936 300.511840820 0.092580490 0.995693028 0.004929904 -1.050164342 -0.855921507 0.082112223 -0.510544956 -62.818096161
-0.510882258 0.043954033 0.858526289 302.715850830 0.092125043 0.995739996 0.003841754 -1.051451325 -0.854700148 0.081054442 -0.512755156 -64.117301941
-0.513392448 0.046179838 0.856910467 304.888763428 0.091526292 0.995801985 0.001170409 -1.056644917 -0.853259087 0.079030722 -0.515463889 -65.400573730
-0.516368270 0.045550738 0.855154335 307.077911377 0.090156265 0.995926619 0.001389966 -1.065822482 -0.851607680 0.077815250 -0.518371582 -66.723396301
-0.520846963 0.043522343 0.852539957 309.282531738 0.087873816 0.996127725 0.002832705 -1.080289602 -0.849115372 0.076391324 -0.522654414 -68.050300598
-0.525552750 0.040965196 0.849774122 311.488006592 0.085524239 0.996324360 0.004863507 -1.084884644 -0.846451402 0.075232312 -0.527124345 -69.390052795
-0.529851079 0.039770581 0.847157657 313.683990479 0.084351808 0.996418118 0.005979730 -1.081800938 -0.843885422 0.074627645 -0.531307936 -70.754280090
-0.534353018 0.039852072 0.844321430 315.898498535 0.084801674 0.996375680 0.006640122 -1.084249258 -0.840996742 0.075148046 -0.535795927 -72.126464844
-0.538453102 0.041678723 0.841624141 318.117126465 0.087575614 0.996135354 0.006698600 -1.080650687 -0.838092506 0.077312633 -0.540022135 -73.530700684
-0.542368829 0.042643573 0.839057565 320.329315186 0.088681035 0.996037543 0.006701831 -1.079285622 -0.835447013 0.078043349 -0.544001341 -74.943817139
-0.546081960 0.042569712 0.836649477 322.532348633 0.089593790 0.995947957 0.007802959 -1.089048982 -0.832927048 0.079219662 -0.547683001 -76.363235474
-0.550495863 0.040983301 0.833831310 324.739532471 0.089296579 0.995954871 0.010001866 -1.085633159 -0.830048442 0.079964265 -0.551928699 -77.795845032
-0.554295003 0.039370753 0.831388593 326.941955566 0.087622844 0.996090233 0.011248754 -1.076120973 -0.827695072 0.079083771 -0.555577576 -79.261505127
-0.558583558 0.038884811 0.828536212 329.134582520 0.086489648 0.996185660 0.011556774 -1.071868777 -0.824926555 0.078115232 -0.559816182 -80.707626343
-0.562520981 0.038460877 0.825887859 331.312255859 0.086314268 0.996190786 0.012397849 -1.069325686 -0.822265029 0.078259975 -0.563697994 -82.188117981
-0.566324651 0.038665310 0.823274910 333.497344971 0.087294377 0.996094167 0.013267319 -1.057792068 -0.819546223 0.079380870 -0.567487836 -83.667564392
-0.570820868 0.038212165 0.820184946 335.706665039 0.087676480 0.996041775 0.014614561 -1.043917894 -0.816380024 0.080253214 -0.571911752 -85.187042236
-0.574258327 0.037140224 0.817831397 337.907043457 0.086354658 0.996145487 0.015397817 -1.034361124 -0.814107001 0.079465866 -0.575252116 -86.715072632
-0.577583194 0.036484614 0.815516114 340.104827881 0.086355641 0.996126115 0.016595978 -1.017181873 -0.811751425 0.080009975 -0.578496337 -88.258590698
-0.580206573 0.035674747 0.813687682 342.290557861 0.086712569 0.996067822 0.018160198 -1.000527501 -0.809840262 0.081093617 -0.581018567 -89.806800842
-0.583144248 0.034858242 0.811620414 344.485534668 0.084258467 0.996285856 0.017749766 -0.979873657 -0.807987213 0.078736566 -0.583915412 -91.371543884
-0.586408436 0.034016982 0.809300900 346.638885498 0.080411196 0.996627212 0.016374068 -0.955059826 -0.806014359 0.074678741 -0.587166011 -92.891181946
-0.589683414 0.033453319 0.806941390 348.787719727 0.077286825 0.996893764 0.015150239 -0.934649765 -0.803928018 0.071299784 -0.590437233 -94.427490234
-0.592104256 0.030708466 0.805276036 350.941101074 0.075227425 0.997016430 0.017292989 -0.921735764 -0.802342355 0.070818081 -0.592647851 -96.004486084
-0.595686495 0.030257346 0.802646935 353.093475342 0.076276869 0.996905088 0.019028794 -0.901843190 -0.799587011 0.072558589 -0.596150875 -97.569694519
-0.598750174 0.030717587 0.800346553 355.240600586 0.075710662 0.996960461 0.018376490 -0.872801840 -0.797349453 0.071597710 -0.599255919 -99.143089294
-0.601923645 0.029475182 0.798009455 357.407531738 0.073770419 0.997097731 0.018814966 -0.852614939 -0.795138896 0.070194654 -0.602351129 -100.747123718
-0.605386376 0.025547896 0.795521617 359.563415527 0.071231820 0.997213125 0.022181774 -0.831637204 -0.792737901 0.070095010 -0.605519056 -102.347778320
-0.608703375 0.023156701 0.793059945 361.709411621 0.068746917 0.997353852 0.023643931 -0.796496153 -0.790413916 0.068912573 -0.608684480 -103.955917358
-0.611975908 0.021987380 0.790570796 363.866699219 0.066674851 0.997489095 0.023870386 -0.756330848 -0.788060963 0.067319296 -0.611905277 -105.578147888
-0.614769995 0.022483222 0.788385868 365.982849121 0.067045681 0.997465193 0.023835333 -0.723888516 -0.785851598 0.067511119 -0.614719033 -107.203758240
-0.617692947 0.021939803 0.786113262 368.108673096 0.067124590 0.997433722 0.024905937 -0.696271241 -0.783549428 0.068151750 -0.617580473 -108.840499878
-0.620302677 0.020931838 0.784083188 370.190490723 0.066382252 0.997458398 0.025888143 -0.667900145 -0.781548440 0.068107709 -0.620115638 -110.458663940
-0.623210490 0.019645171 0.781807303 372.319458008 0.063241407 0.997676432 0.025342796 -0.632619619 -0.779492915 0.065236501 -0.623004735 -112.121414185
-0.626267970 0.015809646 0.779447556 374.443145752 0.053163648 0.998333037 0.022466417 -0.599458575 -0.777793109 0.055508275 -0.626064479 -113.784759521
-0.629863739 0.018457005 0.776486337 376.544769287 0.046005055 0.998848975 0.013575450 -0.581490993 -0.775341988 0.044272974 -0.629987836 -115.434242249
-0.632563949 0.028961573 0.773966491 378.638275146 0.056386434 0.998370886 0.008726000 -0.576881647 -0.772452891 0.049160965 -0.633166432 -117.122642517
-0.633173227 0.030216280 0.773420095 380.706024170 0.063835546 0.997872233 0.013274781 -0.577072203 -0.771373212 0.057776939 -0.633754730 -118.813743591
-0.635384083 0.021019677 0.771910250 382.797546387 0.062936448 0.997713387 0.024636550 -0.550962210 -0.769627213 0.064234950 -0.635254145 -120.517723083
-0.638781905 0.010347901 0.769318283 384.892242432 0.056565098 0.997835219 0.033545624 -0.499026924 -0.767305732 0.064944886 -0.637984395 -122.212905884
-0.642184079 0.004130896 0.766539335 386.961761475 0.050646599 0.998029113 0.037051823 -0.437565356 -0.764875650 0.062616713 -0.641127527 -123.900527954
-0.644887865 0.003650351 0.764268517 389.024230957 0.049300287 0.998104572 0.036832239 -0.366979629 -0.762685537 0.061431315 -0.643845499 -125.609672546
-0.647474408 0.008853087 0.762035847 391.066101074 0.054823365 0.997882783 0.034988359 -0.314201891 -0.760112703 0.064431421 -0.646589041 -127.320640564
-0.649677277 0.015506042 0.760051966 393.084777832 0.059580304 0.997755170 0.030572556 -0.257054359 -0.757871807 0.065146416 -0.649142742 -129.026229858
-0.652318597 0.018452596 0.757720172 395.138519287 0.060289104 0.997799218 0.027603477 -0.207707793 -0.755543351 0.063688539 -0.651995420 -130.768814087
-0.655420423 0.018240714 0.755043924 397.161010742 0.060270153 0.997783303 0.028212946 -0.163110539 -0.752855599 0.063997954 -0.655066967 -132.492782593
-0.658200324 0.017976498 0.752628207 399.176300049 0.061313119 0.997673810 0.029791102 -0.111095257 -0.750341952 0.065754488 -0.657771468 -134.234252930
-0.660381138 0.017235825 0.750732660 401.193420410 0.061815273 0.997591257 0.031472366 -0.057421178 -0.748381913 0.067190506 -0.659855962 -135.991699219
-0.662243485 0.017767303 0.749077976 403.229034424 0.062550798 0.997540116 0.031639259 -0.002972593 -0.746673226 0.067808323 -0.661725819 -137.762130737
-0.663820565 0.017904349 0.747677505 405.213836670 0.062986434 0.997500241 0.032035343 0.045733571 -0.745234847 0.068359271 -0.663288772 -139.506088257
-0.665114105 0.018616488 0.746509612 407.226348877 0.063928500 0.997438550 0.032083899 0.099229470 -0.744000256 0.069062687 -0.664600551 -141.286102295
-0.666407406 0.017620580 0.745379567 409.224487305 0.064318329 0.997352540 0.033926710 0.159684852 -0.742808402 0.070550576 -0.665776491 -143.051422119
-0.667375505 0.017531740 0.744515002 411.217773438 0.066803142 0.997101903 0.036402017 0.216968268 -0.741719127 0.074029759 -0.666612566 -144.821838379
-0.668402970 0.017145446 0.743601739 413.222473145 0.068661019 0.996887922 0.038731944 0.279979318 -0.740623534 0.076944999 -0.667500019 -146.613006592
-0.670154393 0.017458657 0.742016375 415.219879150 0.066993088 0.997065425 0.037045397 0.358604282 -0.739192128 0.074536093 -0.669357419 -148.380676270
-0.671336293 0.017592711 0.740944028 417.185485840 0.063155338 0.997439921 0.033539370 0.424026996 -0.738457143 0.069310769 -0.670728743 -150.147537231
-0.672600210 0.016683398 0.739817858 419.161956787 0.060034957 0.997680604 0.032081984 0.479178578 -0.737566769 0.065993294 -0.672041893 -151.923431396
-0.674006701 0.015858378 0.738554895 421.146270752 0.059221067 0.997711718 0.032622237 0.534397304 -0.736347556 0.065725617 -0.673403561 -153.696060181
-0.674817860 0.014889479 0.737834096 423.136749268 0.057541542 0.997814238 0.032491207 0.596747100 -0.735737622 0.064381763 -0.674199641 -155.496932983
-0.676063716 0.014129136 0.736707687 425.119476318 0.055139836 0.997982800 0.031460781 0.646982312 -0.734777272 0.061891429 -0.675478935 -157.285476685
-0.677104294 0.012734233 0.735776961 427.095275879 0.053427711 0.998062193 0.031893589 0.697364628 -0.733945012 0.060906153 -0.676472485 -159.064407349
-0.677005470 0.012162311 0.735877514 429.025512695 0.054900441 0.997912288 0.034015138 0.759261966 -0.733927488 0.063428432 -0.676259696 -160.865432739
-0.676537752 0.011250189 0.736321986 430.978363037 0.057435770 0.997643471 0.037529487 0.825279355 -0.734164596 0.067681327 -0.675589740 -162.659835815
-0.675898850 0.010270717 0.736922801 432.938659668 0.062149912 0.997135520 0.043105952 0.899132609 -0.734369099 0.074934952 -0.674601078 -164.446929932
-0.674609005 0.009684864 0.738111734 434.909942627 0.065782554 0.996724367 0.047044862 0.986216903 -0.735238314 0.080291763 -0.673036277 -166.237991333
-0.673314154 0.007145303 0.739322007 436.871307373 0.060152456 0.997167826 0.045144662 1.074277401 -0.736905515 0.074868552 -0.671837151 -168.004043579
-0.672780037 0.006125682 0.739817262 438.854156494 0.052662749 0.997825682 0.039628815 1.157519698 -0.737965882 0.065622278 -0.671639979 -169.760803223
-0.670937598 0.003916600 0.741503417 440.823760986 0.047936987 0.998123348 0.038102966 1.224394321 -0.739962697 0.061110161 -0.669866264 -171.531158447
-0.669038892 0.003534185 0.743219018 442.830413818 0.046092074 0.998261094 0.036744691 1.288463950 -0.741796792 0.058840133 -0.668038428 -173.279403687
-0.666255534 0.003949953 0.745713055 444.816436768 0.047519337 0.998178542 0.037168805 1.354509592 -0.744207919 0.060199704 -0.665229619 -175.041015625
-0.663588941 0.003924796 0.748087049 446.795288086 0.048233375 0.998130023 0.037548676 1.422801256 -0.746540725 0.060999658 -0.662537456 -176.784317017
-0.661164105 0.004626559 0.750227034 448.777679443 0.045926761 0.998355150 0.034317847 1.488976598 -0.748834252 0.057145227 -0.660289109 -178.521865845
-0.659500241 -0.000404417 0.751704276 450.772247314 0.038944814 0.998638511 0.034705106 1.549340725 -0.750694871 0.052163009 -0.658586562 -180.251312256
-0.658829689 -0.006980818 0.752259731 452.789611816 0.030031564 0.998915792 0.035571396 1.607040167 -0.751692474 0.046027023 -0.657905757 -181.973754883
-0.658088803 -0.010498330 0.752867103 454.796661377 0.022940209 0.999159038 0.033985011 1.669850111 -0.752590775 0.039636075 -0.657294452 -183.699630737
-0.657601058 -0.010704456 0.753290296 456.808044434 0.021587117 0.999220729 0.033044133 1.729852319 -0.753057003 0.037991222 -0.656857550 -185.418014526
-0.656930864 -0.010314425 0.753880262 458.822662354 0.024053182 0.999110699 0.034629546 1.785859108 -0.753567040 0.040882438 -0.656098604 -187.147171021
-0.656042278 -0.011600715 0.754634976 460.826293945 0.025127117 0.998991847 0.037201390 1.846897125 -0.754305720 0.043367486 -0.655089378 -188.842788696
-0.654960454 -0.013897136 0.755535305 462.816680908 0.023428131 0.998976946 0.038684376 1.914519668 -0.755299807 0.043037519 -0.653964758 -190.547317505
-0.653988600 -0.014082661 0.756373346 464.847503662 0.021505143 0.999076605 0.037195623 1.984138966 -0.756198704 0.040591430 -0.653081775 -192.283248901
-0.653200269 -0.013447402 0.757065773 466.866271973 0.020122197 0.999180794 0.035109513 2.047568321 -0.756917775 0.038167365 -0.652394593 -193.985977173
-0.652042508 -0.012010304 0.758087277 468.880157471 0.020770775 0.999216259 0.033695750 2.107572079 -0.757897854 0.037717119 -0.651282012 -195.705078125
-0.651087224 -0.011269185 0.758919299 470.880065918 0.023092173 0.999132931 0.034647200 2.164967775 -0.758651555 0.040083438 -0.650262356 -197.400863647
