1.000000000 -0.000000000 0.000000000 0.000000000 -0.000000000 1.000000000 0.000000000 0.000000000 0.000000000 0.000000000 1.000000000 0.000000000
0.999997497 0.000966206 0.002011968 -0.009055422 -0.000964021 0.999998927 -0.001086246 -0.017177552 -0.002013016 0.001084304 0.999997377 1.206646085
0.999996185 0.000657793 0.002667463 0.001957987 -0.000654252 0.999998927 -0.001328266 -0.029255908 -0.002668333 0.001326516 0.999995530 2.403818607
0.999992967 0.000229071 0.003744119 0.002564556 -0.000225790 0.999999523 -0.000876683 -0.051051233 -0.003744318 0.000875832 0.999992609 3.600307465
0.999988496 0.000077686 0.004805641 0.002679257 -0.000072912 0.999999523 -0.000993708 -0.071693830 -0.004805716 0.000993346 0.999987960 4.801946640
0.999985695 -0.000198897 0.005341873 0.011436297 0.000202955 0.999999702 -0.000759163 -0.092943870 -0.005341719 0.000760237 0.999985397 6.001966953
0.999981761 0.000191201 0.006022165 0.016010066 -0.000181159 0.999998569 -0.001667987 -0.115893923 -0.006022474 0.001666866 0.999980450 7.199827194
0.999976516 -0.000391816 0.006840411 0.019117316 0.000404782 0.999998033 -0.001894243 -0.139715776 -0.006839657 0.001896967 0.999974787 8.396608353
0.999975324 -0.000526757 0.007001077 0.023496706 0.000529487 0.999999762 -0.000387977 -0.161338106 -0.007000871 0.000391674 0.999975443 9.597239494
0.999983191 -0.001029360 0.005698205 0.024507890 0.001024990 0.999999225 0.000769743 -0.185559943 -0.005698993 -0.000763889 0.999983490 10.794525146
0.999990106 -0.002777997 0.003469670 0.019064754 0.002776965 0.999996126 0.000302273 -0.211309165 -0.003470496 -0.000292635 0.999993920 11.995817184
0.999995947 -0.002395636 0.001509879 0.013365175 0.002396007 0.999997139 -0.000243892 -0.229856372 -0.001509290 0.000247509 0.999998808 13.192686081
0.999996305 -0.002696687 0.000254290 0.008778027 0.002696763 0.999996364 -0.000302100 -0.254497111 -0.000253474 0.000302785 0.999999881 14.392571449
0.999998629 -0.001208905 -0.001122802 0.014354267 0.001208276 0.999999106 -0.000560989 -0.272188693 0.001123479 0.000559632 0.999999225 15.575572968
0.999997675 -0.001392266 -0.001622795 0.006036033 0.001391393 0.999998868 -0.000538787 -0.291701168 0.001623543 0.000536527 0.999998569 16.778472900
0.999995351 -0.001973278 -0.002305213 0.001308230 0.001973705 0.999998033 0.000182705 -0.315796584 0.002304848 -0.000187254 0.999997377 17.961236954
0.999994576 -0.001899429 -0.002692224 -0.002853725 0.001900598 0.999998152 0.000431400 -0.338897884 0.002691400 -0.000436515 0.999996305 19.153800964
0.999991715 -0.001751421 -0.003695057 -0.011364774 0.001750275 0.999998450 -0.000313375 -0.362539291 0.003695599 0.000306905 0.999993145 20.351350784
0.999991059 -0.002237428 -0.003596644 -0.029926695 0.002233037 0.999996781 -0.001224279 -0.386187494 0.003599372 0.001216236 0.999992788 21.562263489
0.999990404 -0.000642115 -0.004357965 -0.041205112 0.000638896 0.999999583 -0.000740036 -0.404487729 0.004358438 0.000737244 0.999990284 22.756883621
0.999986172 -0.001211108 -0.005109070 -0.051783305 0.001206356 0.999998808 -0.000933078 -0.425398707 0.005110195 0.000926902 0.999986529 23.954072952
0.999980748 -0.001040670 -0.006113772 -0.064264297 0.001031361 0.999998331 -0.001525564 -0.447322100 0.006115349 0.001519229 0.999980211 25.152053833
0.999974012 -0.000804147 -0.007159582 -0.070379578 0.000798057 0.999999285 -0.000853443 -0.470484436 0.007160264 0.000847707 0.999974012 26.357423782
0.999965668 -0.002515746 -0.007890841 -0.085204415 0.002521904 0.999996483 0.000770521 -0.490315288 0.007888876 -0.000790394 0.999968529 27.557775497
0.999958158 -0.002383149 -0.008835990 -0.097703241 0.002388638 0.999996960 0.000610755 -0.510344923 0.008834508 -0.000631836 0.999960780 28.755912781
0.999947309 -0.003300303 -0.009722645 -0.109383620 0.003300157 0.999994516 -0.000031017 -0.534447074 0.009722694 -0.000001071 0.999952734 29.949525833
0.999934494 -0.003719907 -0.010823810 -0.122628756 0.003709252 0.999992549 -0.001004326 -0.556297660 0.010827466 0.000964112 0.999940932 31.145778656
0.999931037 -0.002728170 -0.011420341 -0.142756820 0.002719393 0.999996006 -0.000784068 -0.579495668 0.011422435 0.000752958 0.999934494 32.345058441
0.999923050 -0.003165834 -0.011990788 -0.159709781 0.003163930 0.999994993 -0.000177689 -0.603141248 0.011991289 0.000139738 0.999928057 33.548355103
0.999913871 -0.003530648 -0.012635801 -0.178471774 0.003531110 0.999993920 0.000014244 -0.624380410 0.012635672 -0.000058861 0.999920189 34.737770081
0.999904394 -0.004330261 -0.013125991 -0.199339569 0.004331408 0.999990582 0.000059024 -0.648347735 0.013125611 -0.000115872 0.999913871 35.953674316
0.999898195 -0.004197669 -0.013639594 -0.221896425 0.004197815 0.999991179 -0.000017943 -0.667537093 0.013639549 -0.000039316 0.999907017 37.159255981
0.999891281 -0.005331358 -0.013760515 -0.238991544 0.005341282 0.999985456 0.000684456 -0.696217716 0.013756668 -0.000757881 0.999905109 38.344791412
0.999892473 -0.004945866 -0.013809191 -0.253044099 0.004971727 0.999985993 0.001839023 -0.710999489 0.013799902 -0.001907481 0.999903023 39.547916412
0.999898195 -0.004120844 -0.013667190 -0.280920118 0.004158042 0.999987721 0.002694432 -0.734937429 0.013655920 -0.002750986 0.999902964 40.754005432
0.999892950 -0.003551385 -0.014191447 -0.287306130 0.003580256 0.999991596 0.002009533 -0.746864498 0.014184190 -0.002060127 0.999897301 41.950729370
0.999894083 -0.002835291 -0.014272436 -0.306422442 0.002857808 0.999994695 0.001557558 -0.757704973 0.014267945 -0.001598181 0.999897003 43.145660400
0.999905527 -0.000379340 -0.013740979 -0.329321146 0.000434629 0.999991834 0.004020890 -0.782192171 0.013739342 -0.004026481 0.999897540 44.366683960
0.999929011 -0.000310720 -0.011911912 -0.348004401 0.000395553 0.999974549 0.007119982 -0.802550077 0.011909396 -0.007124187 0.999903679 45.554412842
0.999947786 0.000139901 -0.010213117 -0.370098084 -0.000039008 0.999951243 0.009878296 -0.813162088 0.010214001 -0.009877383 0.999899089 46.752956390
0.999961674 0.000416037 -0.008754500 -0.379007012 -0.000300339 0.999912679 0.013212993 -0.822238386 0.008759231 -0.013209857 0.999874413 47.953330994
0.999974370 0.000024264 -0.007157752 -0.400225401 0.000080384 0.999893129 0.014619588 -0.830339134 0.007157342 -0.014619792 0.999867499 49.166786194
0.999983191 -0.001775553 -0.005512836 -0.411094099 0.001847929 0.999911845 0.013151528 -0.833333433 0.005488999 -0.013161494 0.999898314 50.378650665
0.999988019 -0.000889624 -0.004809116 -0.417188168 0.000945324 0.999932408 0.011592419 -0.840289235 0.004798478 -0.011596827 0.999921262 51.578514099
0.999992490 -0.000878861 -0.003777505 -0.429223329 0.000919900 0.999940455 0.010875811 -0.843873739 0.003767722 -0.010879206 0.999933720 52.769294739
0.999992669 -0.001075738 -0.003675575 -0.439822465 0.001113110 0.999947608 0.010180893 -0.848277450 0.003664430 -0.010184912 0.999941409 53.975639343
0.999988794 -0.001589450 -0.004449632 -0.448132455 0.001630206 0.999956608 0.009170908 -0.855164826 0.004434862 -0.009178062 0.999948084 55.176651001
0.999978781 -0.001247404 -0.006390733 -0.458661705 0.001309488 0.999951899 0.009719687 -0.861279309 0.006378301 -0.009727851 0.999932408 56.390407562
0.999971509 -0.001542138 -0.007386025 -0.477395564 0.001620844 0.999941826 0.010661986 -0.869035721 0.007369154 -0.010673652 0.999915838 57.575283051
0.999963403 -0.002094674 -0.008296407 -0.492581248 0.002188843 0.999933004 0.011357778 -0.881881356 0.008272061 -0.011375521 0.999901056 58.782234192
0.999951661 -0.000629453 -0.009822466 -0.499885619 0.000738677 0.999937773 0.011120139 -0.892041385 0.009814858 -0.011126857 0.999889910 59.983818054
0.999944568 -0.000290981 -0.010523929 -0.517277539 0.000406460 0.999939620 0.010972517 -0.898171186 0.010520103 -0.010976187 0.999884427 61.186706543
0.999943972 -0.001250527 -0.010503093 -0.534853101 0.001360098 0.999944687 0.010431548 -0.909710526 0.010489464 -0.010445249 0.999890387 62.386871338
0.999940515 -0.002166273 -0.010681799 -0.553667128 0.002270026 0.999950230 0.009710524 -0.920492351 0.010660232 -0.009734196 0.999895751 63.594692230
0.999934852 -0.002968953 -0.011022874 -0.569020033 0.003089718 0.999935269 0.010955079 -0.933632433 0.010989633 -0.010988421 0.999879181 64.782585144
0.999931455 -0.003446045 -0.011187278 -0.586220384 0.003587560 0.999913514 0.012654310 -0.945026219 0.011142703 -0.012693577 0.999857247 65.987228394
0.999927521 -0.002645010 -0.011747740 -0.606840253 0.002775805 0.999934316 0.011131348 -0.957311213 0.011717525 -0.011163150 0.999868989 67.180198669
0.999934256 -0.000822425 -0.011434790 -0.632850051 0.000936528 0.999949872 0.009976799 -0.964686513 0.011426011 -0.009986851 0.999884784 68.378799438
0.999929368 0.001106944 -0.011833659 -0.647044480 -0.000986497 0.999947727 0.010179405 -0.973341465 0.011844309 -0.010167012 0.999878109 69.564529419
0.999927878 0.003369877 -0.011532329 -0.672020078 -0.003250513 0.999941111 0.010353529 -0.980183899 0.011566540 -0.010315295 0.999879837 70.756553650
0.999922097 0.004680493 -0.011573376 -0.692185402 -0.004556411 0.999932170 0.010724598 -0.990216732 0.011622788 -0.010671031 0.999875486 71.956977844
0.999930143 0.005289632 -0.010566012 -0.711187124 -0.005163990 0.999916136 0.011883295 -1.001600504 0.010627984 -0.011827903 0.999873519 73.149330139
0.999935925 0.007022413 -0.008878189 -0.725580215 -0.006912217 0.999899507 0.012382428 -1.004465222 0.008964251 -0.012320266 0.999883890 74.348922729
0.999963462 0.005871008 -0.006214515 -0.735304773 -0.005806089 0.999928951 0.010413404 -1.018836141 0.006275211 -0.010376940 0.999926448 75.525276184
0.999987960 0.003094840 -0.003821562 -0.743087828 -0.003074856 0.999981642 0.005224149 -1.027958870 0.003837660 -0.005212337 0.999979019 76.700119019
0.999990702 0.004186176 -0.001058481 -0.748157084 -0.004180965 0.999979377 0.004877481 -1.040838122 0.001078878 -0.004873011 0.999987543 77.884040833
0.999995410 0.002787412 0.001171396 -0.746974587 -0.002797329 0.999959469 0.008551949 -1.055671334 -0.001147511 -0.008555186 0.999962807 79.068099976
0.999983847 0.003104525 0.004763553 -0.745908380 -0.003151973 0.999945223 0.009985540 -1.071247458 -0.004732292 -0.010000393 0.999938786 80.241691589
0.999957025 0.003284167 0.008660770 -0.740707815 -0.003355065 0.999961019 0.008184347 -1.080596447 -0.008633552 -0.008213053 0.999929070 81.410903931
0.999919772 0.002250289 0.012462363 -0.732878268 -0.002314566 0.999984086 0.005145711 -1.095543623 -0.012450584 -0.005174143 0.999909103 82.572601318
0.999875665 0.000885481 0.015742188 -0.715820551 -0.000912499 0.999998152 0.001709195 -1.111885667 -0.015740648 -0.001723348 0.999874651 83.738670349
0.999812365 0.000418307 0.019365229 -0.698397577 -0.000434511 0.999999523 0.000832587 -1.129585505 -0.019364873 -0.000840845 0.999812186 84.892189026
0.999741912 0.000047110 0.022718944 -0.673083663 -0.000107429 0.999996424 0.002653801 -1.153448105 -0.022718742 -0.002655557 0.999738395 86.060600281
0.999642432 0.001260968 0.026712321 -0.656071424 -0.001348858 0.999993682 0.003272477 -1.174925566 -0.026708025 -0.003307338 0.999637842 87.226440430
0.999540746 0.000730079 0.030294798 -0.618096411 -0.000758363 0.999999285 0.000922135 -1.190471530 -0.030294100 -0.000944686 0.999540508 88.372512817
0.999438226 0.000624805 0.033508923 -0.582836211 -0.000584778 0.999999166 -0.001204306 -1.211141944 -0.033509642 0.001184035 0.999437630 89.521469116
0.999325633 0.000680492 0.036712959 -0.542756081 -0.000621143 0.999998510 -0.001627941 -1.232664585 -0.036714010 0.001604039 0.999324501 90.684356689
0.999221325 0.000074958 0.039455514 -0.499727994 -0.000065005 1.000000000 -0.000253531 -1.252612352 -0.039455526 0.000250769 0.999221206 91.838150024
0.999104202 -0.001480733 0.042290598 -0.452880204 0.001434093 0.999998331 0.001133150 -1.272920728 -0.042292200 -0.001071487 0.999104679 93.005615234
0.998988032 -0.002234341 0.044919778 -0.404257596 0.002105097 0.999993503 0.002924321 -1.291140795 -0.044926010 -0.002826801 0.998986304 94.165290833
0.998873532 -0.003762155 0.047300726 -0.348769277 0.003588356 0.999986529 0.003758728 -1.305811405 -0.047314223 -0.003584763 0.998873651 95.329421997
0.998755693 -0.004864993 0.049632110 -0.296046764 0.004789963 0.999987125 0.001630548 -1.325510859 -0.049639411 -0.001390783 0.998766243 96.479606628
0.998642683 -0.006313758 0.051699270 -0.233719170 0.006417114 0.999977708 -0.001833435 -1.344696999 -0.051686548 0.002162706 0.998661041 97.637718201
0.998540819 -0.005505194 0.053721339 -0.177676171 0.005762961 0.999972641 -0.004644491 -1.364616871 -0.053694300 0.004947307 0.998545110 98.801773071
0.998454392 -0.005506057 0.055305138 -0.113548294 0.005825558 0.999967277 -0.005617501 -1.384112954 -0.055272397 0.005931001 0.998453677 99.976089478
0.998420715 -0.005394799 0.055918545 -0.061715111 0.005673362 0.999972284 -0.004824027 -1.410024166 -0.055890966 0.005133654 0.998423696 101.162734985
0.998469114 -0.005251151 0.055062737 0.001797532 0.005421397 0.999981105 -0.002942920 -1.432980895 -0.055046234 0.003236931 0.998478591 102.351066589
0.998543024 -0.006079596 0.053617593 0.062521882 0.006165983 0.999980032 -0.001445914 -1.455325246 -0.053607728 0.001774412 0.998560548 103.547363281
0.998649657 -0.005353361 0.051673934 0.120579973 0.005410350 0.999984920 -0.000963046 -1.471637368 -0.051668007 0.001241319 0.998663545 104.735137939
0.998786986 -0.005177371 0.048967332 0.174213782 0.005204522 0.999986410 -0.000426982 -1.490525842 -0.048964452 0.000681315 0.998800278 105.937469482
0.998921633 -0.004484365 0.046210662 0.225957692 0.004517338 0.999989569 -0.000609142 -1.509576440 -0.046207450 0.000817234 0.998931527 107.149932861
0.999092817 -0.002971268 0.042481776 0.265967280 0.003024299 0.999994695 -0.001184138 -1.523638129 -0.042478032 0.001311542 0.999096572 108.355064392
0.999258816 -0.002706559 0.038399134 0.310467392 0.002733014 0.999996066 -0.000636466 -1.544752359 -0.038397253 0.000740939 0.999262273 109.551132202
0.999412596 -0.002264410 0.034194242 0.348025173 0.002254533 0.999997377 0.000327401 -1.563363075 -0.034194890 -0.000250117 0.999415159 110.774688721
0.999547005 -0.001858777 0.030038437 0.377730846 0.001818877 0.999997437 0.001355587 -1.589688063 -0.030040883 -0.001300337 0.999547839 111.983131409
0.999674082 -0.001719632 0.025472304 0.403503180 0.001678645 0.999997377 0.001630366 -1.601871133 -0.025475040 -0.001587076 0.999674201 113.204063416
0.999789238 -0.001236039 0.020487467 0.430973977 0.001197832 0.999997497 0.001877035 -1.623071194 -0.020489734 -0.001852098 0.999788344 114.428428650
0.999880254 -0.000470560 0.015463057 0.442684114 0.000444087 0.999998391 0.001715379 -1.638763905 -0.015463838 -0.001708306 0.999878943 115.646430969
0.999941766 -0.000135456 0.010793041 0.444533557 0.000120793 0.999999046 0.001359200 -1.655814886 -0.010793215 -0.001357816 0.999940813 116.880569458
0.999981225 0.000977276 0.006054567 0.441792101 -0.000981794 0.999999225 0.000743461 -1.672111273 -0.006053834 -0.000749392 0.999981344 118.108352661
0.999992549 0.002957461 0.002444413 0.446575850 -0.002959687 0.999995232 0.000907778 -1.696864963 -0.002441718 -0.000915007 0.999996543 119.346855164
0.999988854 0.004724995 0.000120203 0.440430641 -0.004725107 0.999988437 0.000949986 -1.713806391 -0.000115713 -0.000950543 0.999999523 120.586456299
0.999980748 0.006139366 -0.000891448 0.426038861 -0.006138809 0.999980927 0.000626138 -1.734392285 0.000895275 -0.000620654 0.999999344 121.818588257
0.999961853 0.008544678 -0.001795806 0.416958034 -0.008543267 0.999963105 0.000791453 -1.749602079 0.001802503 -0.000776081 0.999998093 123.082885742
0.999948561 0.009739291 -0.002828507 0.403544396 -0.009734681 0.999951184 0.001639291 -1.768651724 0.002844335 -0.001611672 0.999994636 124.327217102
0.999949455 0.009436008 -0.003475372 0.390092254 -0.009428926 0.999953389 0.002048504 -1.786494493 0.003494540 -0.002015631 0.999991894 125.577064514
0.999903679 0.013217614 -0.004255028 0.374950945 -0.013200142 0.999904394 0.004108788 -1.802964449 0.004308930 -0.004052226 0.999982536 126.829757690
0.999886930 0.014294608 -0.004661061 0.357851416 -0.014260406 0.999871671 0.007290418 -1.815415859 0.004764677 -0.007223126 0.999962628 128.082229614
0.999902785 0.012748800 -0.005636771 0.353764236 -0.012710503 0.999896228 0.006778697 -1.826911807 0.005722605 -0.006706392 0.999961078 129.340286255
0.999899924 0.012642053 -0.006355236 0.340151250 -0.012609456 0.999907315 0.005143465 -1.834659576 0.006419671 -0.005062814 0.999966502 130.593093872
0.999925077 0.010076111 -0.006949333 0.329277784 -0.010031734 0.999929309 0.006391716 -1.851213932 0.007013244 -0.006321524 0.999955416 131.846633911
0.999939144 0.007909841 -0.007691409 0.314657450 -0.007848497 0.999937415 0.007973830 -1.860152006 0.007753999 -0.007912979 0.999938607 133.127349854
0.999957800 0.004431950 -0.008050248 0.301535636 -0.004355003 0.999944925 0.009551026 -1.868338466 0.008092135 -0.009515562 0.999922037 134.397018433
0.999962330 0.002502600 -0.008306547 0.284250438 -0.002411597 0.999937236 0.010947389 -1.881095052 0.008333422 -0.010926943 0.999905586 135.680023193
0.999966383 -0.001616810 -0.008040902 0.280377001 0.001690447 0.999956608 0.009159493 -1.890007496 0.008025744 -0.009172776 0.999925733 136.935989380
0.999957979 -0.004281119 -0.008111945 0.268230706 0.004348211 0.999956250 0.008271261 -1.899247646 0.008076181 -0.008306186 0.999932885 138.208465576
0.999951243 -0.005423256 -0.008258784 0.257800311 0.005488572 0.999953628 0.007906643 -1.908608913 0.008215521 -0.007951586 0.999934673 139.482696533
0.999959111 -0.005543913 -0.007138745 0.238571867 0.005602078 0.999951124 0.008153515 -1.916432500 0.007093194 -0.008193173 0.999941289 140.768554688
0.999962330 -0.005072543 -0.007043667 0.227549374 0.005142971 0.999936640 0.010016814 -1.924666524 0.006992409 -0.010052662 0.999925077 142.041366577
0.999978721 -0.002627131 -0.005975443 0.207441732 0.002697160 0.999927402 0.011741746 -1.937828302 0.005944162 -0.011757612 0.999913156 143.320846558
0.999980152 -0.002867758 -0.005619883 0.197122052 0.002923842 0.999945760 0.009997053 -1.946065903 0.005590908 -0.010013285 0.999934196 144.596145630
0.999980927 -0.002712817 -0.005543851 0.187950820 0.002759879 0.999960065 0.008499146 -1.963018894 0.005520572 -0.008514283 0.999948442 145.874053955
0.999987900 -0.002354586 -0.004323923 0.168477148 0.002379964 0.999979973 0.005873353 -1.973293185 0.004310007 -0.005883574 0.999973416 147.152221680
0.999982774 -0.003845837 -0.004451449 0.166299745 0.003854379 0.999990761 0.001911807 -1.989717245 0.004444056 -0.001928932 0.999988317 148.428359985
0.999988496 -0.003299094 -0.003479084 0.148061350 0.003293632 0.999993384 -0.001574743 -2.013639212 0.003484256 0.001563265 0.999992728 149.693695068
0.999986351 -0.003702433 -0.003661853 0.146997228 0.003693330 0.999990046 -0.002489183 -2.037976742 0.003671033 0.002475625 0.999990165 150.969726562
0.999987781 -0.003460394 -0.003518494 0.132436723 0.003453131 0.999991894 -0.002068088 -2.064641953 0.003525622 0.002055913 0.999991655 152.239532471
0.999987841 -0.003164253 -0.003788319 0.126037478 0.003158343 0.999993742 -0.001565123 -2.090274811 0.003793248 0.001553139 0.999991536 153.488937378
0.999986827 -0.002874610 -0.004244794 0.119476236 0.002872655 0.999995768 -0.000466683 -2.115287066 0.004246118 0.000454483 0.999990880 154.749740601
0.999989569 -0.001914561 -0.004145746 0.101129092 0.001914810 0.999998212 0.000056173 -2.138966799 0.004145631 -0.000064111 0.999991417 156.011642456
0.999988854 -0.001495729 -0.004491319 0.084034130 0.001494816 0.999998868 -0.000206581 -2.160954714 0.004491623 0.000199865 0.999989867 157.279144287
0.999984145 -0.001435475 -0.005445735 0.080025144 0.001434862 0.999998868 -0.000116559 -2.183532953 0.005445897 0.000108743 0.999985158 158.558654785
0.999978960 -0.002147548 -0.006126485 0.066913180 0.002152797 0.999997258 0.000850153 -2.203282595 0.006124643 -0.000863324 0.999980867 159.825408936
0.999977708 -0.000860116 -0.006619177 0.049436949 0.000869377 0.999998569 0.001396362 -2.225614786 0.006617968 -0.001402085 0.999977052 161.102737427
0.999971926 -0.000851083 -0.007435385 0.036811966 0.000853513 0.999999523 0.000323620 -2.244755745 0.007435107 -0.000329957 0.999972224 162.373184204
0.999970496 -0.000092071 -0.007675239 0.014254320 0.000085127 0.999999702 -0.000905107 -2.265280962 0.007675319 0.000904427 0.999970138 163.637695312
0.999964237 0.000945070 -0.008402659 -0.003443861 -0.000952844 0.999999106 -0.000921163 -2.288233042 0.008401781 0.000929137 0.999964237 164.898040771
0.999957979 0.000477823 -0.009154296 -0.022188619 -0.000494638 0.999998152 -0.001834625 -2.311319590 0.009153401 0.001839076 0.999956429 166.177032471
0.999949396 0.000711650 -0.010039228 -0.040987208 -0.000741543 0.999995351 -0.002974202 -2.333594322 0.010037064 0.002981496 0.999945164 167.442901611
0.999943495 0.000822277 -0.010601320 -0.057455868 -0.000849013 0.999996483 -0.002517698 -2.362587690 0.010599213 0.002526557 0.999940574 168.717422485
0.999932468 0.001100812 -0.011568393 -0.076341212 -0.001113796 0.999998748 -0.001115978 -2.387552023 0.011567150 0.001128788 0.999932408 169.989562988
0.999928474 0.001033064 -0.011915510 -0.094570957 -0.001040834 0.999999285 -0.000645883 -2.412827969 0.011914833 0.000658239 0.999928713 171.256378174
0.999916255 0.001436915 -0.012862861 -0.114825360 -0.001442917 0.999998868 -0.000457410 -2.433089256 0.012862188 0.000475932 0.999917150 172.524642944
0.999906540 0.001728694 -0.013567626 -0.141049564 -0.001731613 0.999998569 -0.000203444 -2.456853151 0.013567255 0.000226919 0.999907851 173.807510376
0.999895751 0.002125695 -0.014279305 -0.161436066 -0.002140075 0.999997199 -0.000991823 -2.481003046 0.014277156 0.001022279 0.999897480 175.055603027
0.999888897 0.003037360 -0.014594195 -0.193539888 -0.003061699 0.999993980 -0.001645621 -2.501412868 0.014589109 0.001690121 0.999892116 176.322113037
0.999881148 0.003009204 -0.015117297 -0.223875254 -0.003034611 0.999994040 -0.001657995 -2.516590118 0.015112215 0.001703673 0.999884367 177.586624146
0.999877453 0.003175847 -0.015330252 -0.246814117 -0.003213409 0.999991834 -0.002426151 -2.546725273 0.015322422 0.002475117 0.999879479 178.821243286
0.999876201 0.002045950 -0.015600563 -0.272232711 -0.002112662 0.999988616 -0.004260959 -2.567408085 0.015591667 0.004293391 0.999869227 180.086364746
0.999876857 -0.000953400 -0.015662946 -0.292385042 0.000891092 0.999991596 -0.003984537 -2.595523357 0.015666613 0.003970089 0.999869347 181.351058960
0.999863684 -0.000731324 -0.016493419 -0.315090090 0.000726150 0.999999583 -0.000319702 -2.619411469 0.016493646 0.000307681 0.999863923 182.620407104
0.999869466 -0.001900134 -0.016041338 -0.343831658 0.001968263 0.999989152 0.004232366 -2.646035671 0.016033119 -0.004263386 0.999862313 183.881225586
0.999865174 -0.000581213 -0.016414084 -0.367972195 0.000636471 0.999994218 0.003361502 -2.661459923 0.016412036 -0.003371496 0.999859631 185.137329102
0.999871671 0.001006060 -0.015989456 -0.398840904 -0.001000141 0.999999464 0.000378222 -2.683482885 0.015989829 -0.000362182 0.999872088 186.386672974
0.999871910 0.001170929 -0.015965693 -0.427745879 -0.001192473 0.999998450 -0.001339905 -2.706330776 0.015964098 0.001358772 0.999871612 187.626739502
0.999863923 0.001281748 -0.016450124 -0.452449054 -0.001301333 0.999998510 -0.001179948 -2.728737354 0.016448587 0.001201194 0.999863923 188.868743896
0.999867976 0.000899623 -0.016226696 -0.482832253 -0.000901066 0.999999583 -0.000081617 -2.753497124 0.016226610 0.000096227 0.999868333 190.125595093
0.999862969 0.000525208 -0.016550295 -0.504878700 -0.000486784 0.999997139 0.002325598 -2.778668880 0.016551467 -0.002317222 0.999860287 191.367996216
0.999881566 0.000349849 -0.015385244 -0.532529533 -0.000304386 0.999995589 0.002957207 -2.798239708 0.015386211 -0.002952174 0.999877274 192.621566772
0.999897420 0.000239086 -0.014320722 -0.554073751 -0.000204330 0.999997079 0.002428397 -2.819143057 0.014321260 -0.002425222 0.999894500 193.861007690
0.999917984 -0.000862052 -0.012774837 -0.578643978 0.000873278 0.999999285 0.000873242 -2.840475798 0.012774075 -0.000884327 0.999917984 195.087722778
0.999933720 -0.000628144 -0.011496508 -0.592242420 0.000621513 0.999999642 -0.000580332 -2.866194010 0.011496871 0.000573149 0.999933720 196.321304321
0.999947906 -0.001679195 -0.010065340 -0.608663142 0.001666494 0.999997795 -0.001270048 -2.886760235 0.010067450 0.001253208 0.999948502 197.536743164
0.999961615 -0.001076725 -0.008696967 -0.628026962 0.001072199 0.999999225 -0.000525092 -2.910259485 0.008697527 0.000515747 0.999962032 198.763092041
0.999971032 -0.001376643 -0.007495967 -0.639667809 0.001386605 0.999998093 0.001323953 -2.934126377 0.007494132 -0.001334309 0.999971032 199.980667114
0.999980092 -0.000615705 -0.006277163 -0.656210661 0.000626999 0.999998152 0.001797479 -2.959823608 0.006276045 -0.001801379 0.999978602 201.200332642
0.999986470 -0.000525266 -0.005171835 -0.669498980 0.000535231 0.999997914 0.001925576 -2.978925467 0.005170813 -0.001928318 0.999984741 202.408050537
0.999991059 -0.000790757 -0.004134322 -0.678550839 0.000798912 0.999997675 0.001971159 -3.000350714 0.004132754 -0.001974444 0.999989450 203.605743408
0.999994218 -0.001243171 -0.003172691 -0.685032368 0.001249833 0.999997020 0.002098733 -3.020440578 0.003170072 -0.002102686 0.999992728 204.796615601
0.999997795 -0.000394326 -0.002063365 -0.701599777 0.000398882 0.999997437 0.002208228 -3.045255661 0.002062489 -0.002209047 0.999995410 205.994705200
0.999999046 -0.000725974 -0.001140667 -0.713502347 0.000728133 0.999997914 0.001893058 -3.058709860 0.001139290 -0.001893887 0.999997556 207.161407471
0.999997437 -0.001851406 -0.001226923 -0.714105546 0.001853662 0.999996603 0.001839901 -3.079612017 0.001223512 -0.001842171 0.999997556 208.324768066
0.999998093 -0.001820675 -0.000652302 -0.725897789 0.001822572 0.999994099 0.002917840 -3.107818842 0.000646986 -0.002919023 0.999995530 209.477981567
0.999997139 -0.002278903 -0.000634828 -0.738332450 0.002281349 0.999989867 0.003878759 -3.122850180 0.000625982 -0.003880196 0.999992251 210.607803345
0.999996662 -0.002185025 -0.001399557 -0.742590189 0.002190058 0.999991179 0.003605126 -3.142217159 0.001391667 -0.003608178 0.999992549 211.719451904
0.999997497 -0.001630279 -0.001526432 -0.754004180 0.001634559 0.999994636 0.002806916 -3.165443897 0.001521848 -0.002809404 0.999994814 212.835067749
0.999997914 -0.001175386 -0.001648198 -0.767481089 0.001178679 0.999997318 0.001998654 -3.184052229 0.001645844 -0.002000592 0.999996603 213.924407959
0.999995470 -0.001489359 -0.002608064 -0.769069076 0.001494437 0.999996901 0.001945873 -3.206133127 0.002605158 -0.001949762 0.999994695 214.991561890
0.999991953 -0.001883198 -0.003534708 -0.782060683 0.001889791 0.999996424 0.001862652 -3.225587845 0.003531188 -0.001869317 0.999991953 216.053573608
0.999981701 -0.002312291 -0.005596740 -0.787312150 0.002327523 0.999993622 0.002716549 -3.246092558 0.005590423 -0.002729524 0.999980628 217.106277466
0.999967635 -0.003156355 -0.007410201 -0.804396212 0.003188352 0.999985695 0.004310044 -3.265274286 0.007396489 -0.004333531 0.999963284 218.144790649
0.999947190 -0.003056418 -0.009821879 -0.815923691 0.003112955 0.999978602 0.005746157 -3.280380011 0.009804105 -0.005776428 0.999935269 219.180099487
0.999922097 -0.002852509 -0.012145689 -0.830629528 0.002926107 0.999977410 0.006046102 -3.300733805 0.012128168 -0.006081169 0.999907970 220.180725098
0.999889255 -0.002839133 -0.014605650 -0.851838231 0.002919981 0.999980569 0.005517071 -3.314653397 0.014589704 -0.005559108 0.999878049 221.177307129
0.999836087 -0.002490484 -0.017931273 -0.870428562 0.002593800 0.999980211 0.005740831 -3.332084417 0.017916620 -0.005786399 0.999822795 222.154373169
0.999787152 -0.001673743 -0.020563433 -0.895916760 0.001800772 0.999979377 0.006160490 -3.347818851 0.020552697 -0.006196207 0.999769568 223.095642090
0.999724329 -0.001450231 -0.023436930 -0.925091624 0.001595808 0.999979556 0.006193937 -3.367817163 0.023427470 -0.006229629 0.999706149 224.024520874
0.999653578 -0.001404596 -0.026281985 -0.957059622 0.001547454 0.999984145 0.005416038 -3.379131317 0.026273958 -0.005454831 0.999639928 224.931976318
0.999568045 -0.001260012 -0.029365379 -0.990581751 0.001389718 0.999989390 0.004396971 -3.389831781 0.029359525 -0.004435881 0.999559104 225.813293457
0.999462485 -0.000853118 -0.032771382 -1.020448804 0.000998783 0.999989808 0.004428797 -3.413617849 0.032767270 -0.004459149 0.999453008 226.670867920
0.999366522 -0.000493532 -0.035583757 -1.059411645 0.000623802 0.999993145 0.003649942 -3.427044630 0.035581715 -0.003669827 0.999360085 227.499801636
0.999282777 0.000791407 -0.037857801 -1.100058556 -0.000646350 0.999992430 0.003843714 -3.447537184 0.037860557 -0.003816487 0.999275744 228.317642212
0.999241471 0.001717662 -0.038901072 -1.131910324 -0.001579348 0.999992311 0.003585976 -3.453025103 0.038906936 -0.003521819 0.999236643 229.120971680
0.999245167 0.002203223 -0.038784534 -1.162655234 -0.002001925 0.999984324 0.005228228 -3.473910809 0.038795449 -0.005146637 0.999233961 229.906829834
0.999259770 0.002076327 -0.038413994 -1.194697976 -0.001857209 0.999981821 0.005738932 -3.486473083 0.038425215 -0.005663342 0.999245405 230.667526245
0.999263704 0.001360938 -0.038341995 -1.223543644 -0.001153357 0.999984562 0.005435535 -3.502429485 0.038348801 -0.005387310 0.999249935 231.409606934
0.999290287 0.002465582 -0.037587743 -1.258989334 -0.002330487 0.999990642 0.003637496 -3.515620947 0.037596349 -0.003547316 0.999286652 232.151733398
0.999324977 0.002238421 -0.036668815 -1.287721753 -0.002180036 0.999996245 0.001632114 -3.529653311 0.036672331 -0.001551072 0.999326110 232.883682251
0.999367595 0.002636829 -0.035460029 -1.317432523 -0.002628261 0.999996424 0.000288237 -3.543834686 0.035460658 -0.000194856 0.999371052 233.607620239
0.999417007 0.002986534 -0.034008961 -1.346837044 -0.002998986 0.999995470 -0.000315130 -3.555052280 0.034007858 0.000416938 0.999421418 234.341186523
0.999478877 0.002467049 -0.032186266 -1.372012377 -0.002485926 0.999996781 -0.000546484 -3.567629099 0.032184817 0.000626212 0.999481678 235.059890747
0.999536932 0.002401076 -0.030335732 -1.397136569 -0.002413701 0.999997020 -0.000379526 -3.585604191 0.030334732 0.000452571 0.999539733 235.768249512
0.999588907 0.002410742 -0.028568402 -1.419066906 -0.002428056 0.999996841 -0.000571392 -3.598451376 0.028566936 0.000640522 0.999591649 236.506942749
0.999636471 0.001947569 -0.026890185 -1.432786942 -0.001972216 0.999997675 -0.000890069 -3.612508535 0.026888385 0.000942779 0.999638081 237.211990356
0.999716818 0.002132124 -0.023700701 -1.459557652 -0.002140498 0.999997675 -0.000327970 -3.626588821 0.023699945 0.000378608 0.999719024 237.927490234
0.999790072 0.001132061 -0.020457070 -1.471617222 -0.001121532 0.999999166 0.000526177 -3.641737700 0.020457651 -0.000503123 0.999790609 238.632095337
0.999842167 0.000203010 -0.017765520 -1.484401584 -0.000197149 0.999999940 0.000331672 -3.650460958 0.017765585 -0.000328118 0.999842107 239.333557129
0.999886751 -0.000268569 -0.015046655 -1.492715001 0.000274664 0.999999940 0.000403047 -3.664623022 0.015046543 -0.000407135 0.999886692 240.030410767
0.999927878 -0.000522973 -0.011999376 -1.502605915 0.000524746 0.999999821 0.000144595 -3.677674294 0.011999299 -0.000150881 0.999927998 240.719726562
0.999964476 -0.000655536 -0.008404627 -1.516063452 0.000656618 0.999999762 0.000125996 -3.693578959 0.008404543 -0.000131510 0.999964654 241.409317017
0.999984682 0.000225016 -0.005539604 -1.521399379 -0.000230012 0.999999583 -0.000901136 -3.704307556 0.005539399 0.000902397 0.999984205 242.098815918
0.999997079 0.000364064 -0.002391691 -1.525468826 -0.000368269 0.999998331 -0.001758046 -3.711566687 0.002391047 0.001758922 0.999995589 242.792495728
0.999999642 0.000844491 0.000107058 -1.524858117 -0.000844468 0.999999642 -0.000210001 -3.732866764 -0.000107235 0.000209910 1.000000000 243.502532959
0.999996960 0.001002088 0.002274463 -1.522860050 -0.001003218 0.999999344 0.000496014 -3.745373249 -0.002273964 -0.000498295 0.999997318 244.206695557
0.999989688 0.000926980 0.004441323 -1.520809650 -0.000926578 0.999999523 -0.000092665 -3.755048037 -0.004441407 0.000088549 0.999990165 244.911026001
0.999973476 0.000659337 0.007254191 -1.520947337 -0.000648768 0.999998748 -0.001459212 -3.768841028 -0.007255144 0.001454467 0.999972641 245.620559692
0.999956667 0.000950003 0.009257046 -1.519291997 -0.000915865 0.999992788 -0.003691328 -3.781372547 -0.009260485 0.003682690 0.999950409 246.328506470
0.999954641 -0.000473939 0.009521923 -1.504392982 0.000525092 0.999985337 -0.005370407 -3.793658257 -0.009519240 0.005375162 0.999940217 247.057067871
0.999951124 -0.000913463 0.009844604 -1.500977159 0.000967727 0.999984324 -0.005508609 -3.809008121 -0.009839418 0.005517866 0.999936342 247.775695801
0.999950230 -0.001535338 0.009855878 -1.494650722 0.001597477 0.999978840 -0.006299938 -3.823666096 -0.009845997 0.006315369 0.999931574 248.504684448
0.999951005 -0.000104445 0.009899681 -1.488148212 0.000169794 0.999978125 -0.006600567 -3.838239193 -0.009898777 0.006601924 0.999929190 249.242614746
0.999946773 0.000197990 0.010314282 -1.485155821 -0.000126406 0.999975920 -0.006940410 -3.853222847 -0.010315405 0.006938737 0.999922693 249.981918335
0.999943733 -0.000814612 0.010576683 -1.480685949 0.000908613 0.999960065 -0.008885900 -3.872019529 -0.010569022 0.008895010 0.999904573 250.730728149
0.999928653 -0.004543523 0.011040118 -1.472111702 0.004665107 0.999928415 -0.011012076 -3.889968395 -0.010989294 0.011062794 0.999878407 251.486343384
0.999905109 -0.007597436 0.011483659 -1.460109234 0.007734585 0.999898732 -0.011945902 -3.905376911 -0.011391736 0.012033591 0.999862731 252.249267578
0.999913096 -0.005256729 0.012093726 -1.455554485 0.005354955 0.999952734 -0.008104160 -3.919182301 -0.012050552 0.008168217 0.999894023 253.026199341
0.999917746 -0.001140394 0.012771277 -1.458083272 0.001165490 0.999997318 -0.001957747 -3.933666229 -0.012769013 0.001972470 0.999916494 253.804061890
0.999904156 -0.001932360 0.013705865 -1.452265501 0.001910656 0.999996841 0.001596449 -3.951356888 -0.013708908 -0.001570109 0.999904752 254.592056274
0.999863386 -0.003106176 0.016228538 -1.439323306 0.003118830 0.999994814 -0.000754459 -3.960219622 -0.016226111 0.000804970 0.999868035 255.387771606
0.999797046 -0.002491903 0.019992333 -1.422439218 0.002627486 0.999973714 -0.006758334 -3.975780487 -0.019974964 0.006809492 0.999777257 256.188415527
0.999706507 -0.000246267 0.024226347 -1.416908979 0.000495505 0.999947011 -0.010282432 -3.988902569 -0.024222532 0.010291417 0.999653578 256.994995117
0.999625444 0.001686946 0.027314968 -1.398637176 -0.001413277 0.999948680 -0.010035241 -4.005775928 -0.027330497 0.009992878 0.999576509 257.809814453
0.999547839 0.000068443 0.030068737 -1.366087437 0.000171474 0.999968112 -0.007976321 -4.019939899 -0.030068321 0.007977868 0.999516010 258.647033691
0.999452591 -0.002898486 0.032957152 -1.335237145 0.003052175 0.999984682 -0.004613934 -4.037621021 -0.032943279 0.004711998 0.999446094 259.483123779
0.999341846 -0.005833962 0.035801467 -1.305027604 0.005948951 0.999977410 -0.003106188 -4.055322647 -0.035782538 0.003317124 0.999354064 260.316711426
0.999227285 -0.005262088 0.038950119 -1.278942943 0.005367634 0.999982238 -0.002605706 -4.072168350 -0.038935713 0.002812763 0.999237657 261.163360596
0.999139547 -0.002627053 0.041391447 -1.246380687 0.002822055 0.999985218 -0.004653417 -4.086705685 -0.041378606 0.004766221 0.999132097 262.005889893
0.999029815 -0.001700182 0.044005249 -1.216873407 0.002000120 0.999975085 -0.006772835 -4.107334137 -0.043992631 0.006854279 0.999008298 262.841278076
0.998914301 -0.002317578 0.046526592 -1.180533648 0.002643204 0.999972403 -0.006938403 -4.125467777 -0.046509225 0.007053849 0.998892903 263.699890137
0.998786986 -0.001601725 0.049214218 -1.143644333 0.001837882 0.999987006 -0.004753665 -4.146257401 -0.049205966 0.004838347 0.998776913 264.541839600
0.998625576 0.000134653 0.052411307 -1.107358456 0.000021176 0.999995649 -0.002972628 -4.166670322 -0.052411482 0.002969652 0.998621166 265.380432129
0.998479962 0.000499890 0.055112466 -1.053778887 -0.000322453 0.999994695 -0.003228388 -4.183495998 -0.055113781 0.003205710 0.998474896 266.251220703
0.998324811 0.000720989 0.057853326 -1.011241317 -0.000503226 0.999992728 -0.003778531 -4.198472977 -0.057855628 0.003743088 0.998317897 267.097259521
0.998203516 -0.001249306 0.059900057 -0.951978981 0.001497022 0.999990523 -0.004090793 -4.214371204 -0.059894368 0.004173116 0.998195946 267.937866211
0.998063147 -0.004610304 0.062039372 -0.900875330 0.004826661 0.999982774 -0.003338003 -4.235805511 -0.062022921 0.003630980 0.998068154 268.820373535
0.998011589 -0.004993542 0.062832840 -0.845607340 0.005232643 0.999979675 -0.003641374 -4.249915123 -0.062813379 0.003962915 0.998017430 269.667846680
0.997980654 -0.005547834 0.063275144 -0.794729829 0.005772875 0.999977708 -0.003374255 -4.269752502 -0.063255005 0.003732721 0.997990489 270.518310547
0.997952998 -0.006069491 0.063663021 -0.739302039 0.006288009 0.999975026 -0.003232619 -4.286742687 -0.063641809 0.003626315 0.997966230 271.405548096
0.997973084 -0.005757501 0.063377313 -0.689801157 0.005931077 0.999979198 -0.002550973 -4.304086685 -0.063361317 0.002921698 0.997986436 272.268127441
0.997991443 -0.005346712 0.063122123 -0.645308614 0.005496188 0.999982476 -0.002194663 -4.317990303 -0.063109271 0.002537186 0.998003423 273.118316650
0.998088896 -0.005521957 0.061546441 -0.584230542 0.005708309 0.999979675 -0.002852410 -4.340159893 -0.061529435 0.003198285 0.998100042 274.001312256
0.998193622 -0.005578207 0.059819918 -0.535457194 0.005805247 0.999976695 -0.003622278 -4.358396053 -0.059798311 0.003963004 0.998202503 274.853149414
0.998282492 -0.004958531 0.058375668 -0.490704715 0.005232358 0.999975979 -0.004538857 -4.376084328 -0.058351766 0.004836504 0.998284400 275.733734131
0.998369277 -0.003812262 0.056957919 -0.448534399 0.004102187 0.999979198 -0.004974113 -4.393079758 -0.056937765 0.005199654 0.998364270 276.585815430
0.998476982 -0.002661918 0.055105332 -0.408151835 0.002943526 0.999982953 -0.005029810 -4.416384220 -0.055091009 0.005184353 0.998467922 277.448974609
0.998599231 -0.002666482 0.052842420 -0.364368737 0.002895408 0.999986768 -0.004256168 -4.435422897 -0.052830376 0.004403207 0.998593807 278.297790527
0.998748183 -0.002393001 0.049966201 -0.329577267 0.002552631 0.999991834 -0.003131192 -4.451185226 -0.049958307 0.003254817 0.998745978 279.162536621
0.998944759 -0.003530606 0.045794111 -0.295497805 0.003572366 0.999993324 -0.000830111 -4.468052387 -0.045790870 0.000992829 0.998950541 280.004516602
0.999160528 -0.005496120 0.040598564 -0.260810703 0.005448645 0.999984264 0.001279938 -4.490044594 -0.040604964 -0.001057656 0.999174714 280.852111816
0.999316454 -0.005747101 0.036516607 -0.242419198 0.005657810 0.999980688 0.002548080 -4.506521702 -0.036530551 -0.002339734 0.999329805 281.696441650
0.999486506 -0.005745708 0.031522553 -0.221028581 0.005653771 0.999979496 0.003004898 -4.516597748 -0.031539172 -0.002825134 0.999498546 282.516021729
0.999622047 -0.006590013 0.026690498 -0.191325843 0.006496573 0.999972403 0.003586089 -4.534250259 -0.026713392 -0.003411336 0.999637306 283.341979980
0.999726892 -0.007273826 0.022211935 -0.182256043 0.007199300 0.999968112 0.003433432 -4.543759346 -0.022236204 -0.003272583 0.999747396 284.144409180
0.999809206 -0.007377926 0.018081004 -0.172977597 0.007318444 0.999967575 0.003353746 -4.557452679 -0.018105159 -0.003220782 0.999830902 284.939208984
0.999876440 -0.006979418 0.014079836 -0.164899349 0.006937442 0.999971330 0.003027928 -4.570268631 -0.014100567 -0.002929876 0.999896288 285.715942383
