1.000000000 -0.000000000 0.000000000 0.000000000 -0.000000000 1.000000000 0.000000000 0.000000000 0.000000000 0.000000000 1.000000000 0.000000000
0.999979198 0.000359198 -0.006443345 -0.008206633 -0.000356788 0.999999881 0.000375230 -0.001504721 0.006443479 -0.000372924 0.999979198 0.091162182
0.999907076 0.000916896 -0.013601976 -0.015778884 -0.000915327 0.999999583 0.000121605 -0.001275116 0.013602081 -0.000109143 0.999907494 0.187817201
0.999772727 0.001379570 -0.021273937 -0.025995279 -0.001392349 0.999998868 -0.000585869 -0.001897454 0.021273104 0.000615356 0.999773502 0.285548270
0.999542117 0.001749121 -0.030207580 -0.043111764 -0.001810090 0.999996364 -0.001991100 -0.001865845 0.030203987 0.002044867 0.999541640 0.389355034
0.999126554 0.001970834 -0.041739769 -0.059264719 -0.002115039 0.999991953 -0.003410997 -0.005435743 0.041732710 0.003496299 0.999122679 0.501339078
0.998463750 0.001528743 -0.055387601 -0.079081826 -0.001745768 0.999991000 -0.003870114 -0.010881136 0.055381183 0.003960863 0.998457432 0.624988973
0.997425318 0.001773110 -0.071691178 -0.108071849 -0.002098236 0.999987841 -0.004460042 -0.004116610 0.071682401 0.004598984 0.997416914 0.760089695
0.995904148 0.000285460 -0.090414770 -0.134854987 -0.000670177 0.999990880 -0.004224683 -0.008494631 0.090412736 0.004267973 0.995895207 0.916035175
0.993911684 -0.000706155 -0.110177651 -0.175723866 0.000223523 0.999990344 -0.004392777 -0.012230736 0.110179693 0.004341405 0.993902206 1.075016975
0.991235971 -0.000784074 -0.132100493 -0.218991891 0.000157328 0.999988616 -0.004754832 -0.012800148 0.132102713 0.004692376 0.991224825 1.228876591
0.987734795 0.002733036 -0.156116247 -0.275646746 -0.003729469 0.999974430 -0.006090079 -0.017816212 0.156095624 0.006597613 0.987719834 1.398664594
0.983355701 0.007120571 -0.181550607 -0.342050850 -0.008605966 0.999935627 -0.007395264 -0.025121002 0.181486264 0.008834595 0.983353794 1.573384404
0.977962077 0.009989962 -0.208543107 -0.414422631 -0.012037308 0.999890924 -0.008550555 -0.027483614 0.208434954 0.010872415 0.977975786 1.754313827
0.971280754 0.010736189 -0.237694100 -0.493511230 -0.013217516 0.999873459 -0.008847873 -0.028714744 0.237569034 0.011735493 0.971299767 1.939788222
0.963232994 0.012550159 -0.268374115 -0.584223032 -0.015310653 0.999849200 -0.008195502 -0.034219794 0.268230796 0.012003160 0.963279903 2.137079716
0.953871191 0.014544591 -0.299863607 -0.680773318 -0.017545912 0.999819279 -0.007318585 -0.034621682 0.299703002 0.012242367 0.953953922 2.318879843
0.942586064 0.016481165 -0.333556592 -0.780922771 -0.019697940 0.999786377 -0.006263877 -0.035176728 0.333382070 0.012474619 0.942709267 2.510173321
0.930066466 0.018299403 -0.366935253 -0.881524920 -0.021878766 0.999744952 -0.005597629 -0.039238248 0.366739273 0.013234257 0.930229604 2.685503960
0.916246593 0.021514755 -0.400036752 -1.002097368 -0.025651744 0.999658465 -0.004989329 -0.040104721 0.399792761 0.014833094 0.916485488 2.863984823
0.900138438 0.022234213 -0.435036153 -1.117027402 -0.026744168 0.999633253 -0.004246532 -0.041822638 0.434782207 0.015457145 0.900402904 3.037300110
0.881735861 0.018212290 -0.471391827 -1.241774440 -0.023172593 0.999720335 -0.004719873 -0.043661810 0.471174002 0.015085052 0.881911218 3.215777159
0.860626936 0.013450454 -0.509058297 -1.379511476 -0.018530933 0.999816120 -0.004911502 -0.050124623 0.508898735 0.013660298 0.860717952 3.393636703
0.835562050 0.015041909 -0.549190164 -1.540227413 -0.019097466 0.999816179 -0.001671503 -0.054199666 0.549064040 0.011884785 0.835695744 3.574422359
0.806427300 0.020756191 -0.590968728 -1.718413234 -0.023862885 0.999711990 0.002549253 -0.061939046 0.590851486 0.012046432 0.806690395 3.738605022
0.773857474 0.023855183 -0.632910371 -1.919619203 -0.027184503 0.999620497 0.004438540 -0.064163797 0.632776082 0.013770559 0.774212360 3.913903952
0.738035560 0.022898467 -0.674373150 -2.127875090 -0.026173316 0.999643385 0.005298941 -0.066922650 0.674254119 0.013739772 0.738371551 4.076019764
0.697968662 0.018533112 -0.715888441 -2.345129251 -0.020168355 0.999777317 0.006218993 -0.063450515 0.715844214 0.010097627 0.698186934 4.244365692
0.655072927 0.014821022 -0.755420268 -2.582118750 -0.014721203 0.999868155 0.006851295 -0.062999167 0.755422175 0.006632595 0.655204773 4.405009270
0.611217797 0.014378843 -0.791331708 -2.846556902 -0.012346307 0.999886513 0.008632194 -0.059977215 0.791366041 0.004493874 0.611326039 4.543445110
0.562718749 0.015078287 -0.826510906 -3.125567198 -0.009897274 0.999884784 0.011502775 -0.058480561 0.826589167 0.001707378 0.562803149 4.686141968
0.511994481 0.015477649 -0.858849227 -3.420985222 -0.008210948 0.999880195 0.013124345 -0.051790621 0.858949482 0.000332375 0.512060225 4.806308270
0.459538639 0.016811039 -0.887998700 -3.725220680 -0.007712666 0.999858737 0.014937404 -0.043400027 0.888124228 -0.000015476 0.459603369 4.905857563
0.404938757 0.019014450 -0.914146185 -4.059112549 -0.006300842 0.999818087 0.018005364 -0.041602418 0.914322138 -0.001531180 0.404984891 5.003301620
0.349401951 0.020955604 -0.936738551 -4.412482738 -0.006206636 0.999779761 0.020050814 -0.033731718 0.936952353 -0.001191799 0.349455029 5.087512970
0.294350177 0.023862312 -0.955399752 -4.778753757 -0.003528901 0.999708652 0.023881756 -0.028397992 0.955691159 -0.003658088 0.294348568 5.155813694
0.240264133 0.025972061 -0.970360041 -5.111884117 0.001671129 0.999629438 0.027169248 -0.035039000 0.970706105 -0.008149392 0.240131706 5.215548038
0.189416453 0.026356261 -0.981543064 -5.499141693 0.003589762 0.999614358 0.027534258 -0.028824439 0.981890261 -0.008738946 0.189248815 5.248609066
0.141718090 0.027495619 -0.989525080 -5.918578148 0.001189409 0.999608696 0.027946152 -0.022077989 0.989906311 -0.005137426 0.141629949 5.271118641
0.099452898 0.027902203 -0.994650960 -6.339066029 0.000014782 0.999606669 0.028042700 -0.013444952 0.995042264 -0.002803631 0.099413373 5.270942211
0.061725348 0.026446912 -0.997742712 -6.780676365 -0.001874365 0.999650180 0.026381515 -0.004702440 0.998091400 0.000241726 0.061753340 5.259191990
0.026969628 0.023599451 -0.999357641 -7.258091927 0.000343633 0.999720991 0.023617303 0.000631020 0.999636173 -0.000980362 0.026953993 5.263912678
-0.004162810 0.021057470 -0.999769509 -7.731544018 0.000661093 0.999778152 0.021054896 0.004395385 0.999991119 -0.000573293 -0.004175809 5.233994007
-0.031024039 0.019178024 -0.999334633 -8.227855682 0.000272693 0.999816120 0.019178793 0.012117592 0.999518573 0.000322492 -0.031023560 5.198726177
-0.051578078 0.016787421 -0.998527825 -8.731521606 -0.000826572 0.999857724 0.016852468 0.021663431 0.998668611 0.001694573 -0.051556863 5.150716782
-0.068141438 0.015710115 -0.997552037 -9.249686241 0.000279089 0.999876201 0.015727656 0.035480104 0.997675657 0.000793299 -0.068137407 5.109636784
-0.081126794 0.015998682 -0.996575356 -9.787127495 0.000636443 0.999871790 0.015999788 0.044544935 0.996703625 0.000663748 -0.081126578 5.054484367
-0.090814061 0.017505461 -0.995714068 -10.343602180 0.000903886 0.999846578 0.017495679 0.047191910 0.995867550 0.000688841 -0.090815954 4.995232582
-0.097734056 0.018772934 -0.995035589 -10.918804169 -0.001206173 0.999819160 0.018981652 0.046597652 0.995211899 0.003055338 -0.097693734 4.931333065
-0.102057151 0.019799644 -0.994581461 -11.510978699 -0.001206982 0.999798715 0.020027352 0.050721440 0.994777799 0.003244376 -0.102012694 4.862162590
-0.103447773 0.020509794 -0.994423389 -12.123766899 0.000786643 0.999788761 0.020538617 0.062321130 0.994634569 0.001342418 -0.103442058 4.793606281
-0.102385439 0.022758381 -0.994484365 -12.736563683 0.002410068 0.999741018 0.022630546 0.067982711 0.994741857 -0.000079736 -0.102413766 4.731629848
-0.100760475 0.025041513 -0.994595468 -13.385542870 0.001773327 0.999686122 0.024990028 0.077105194 0.994909108 0.000754264 -0.100773260 4.660661221
-0.099242814 0.025038103 -0.994748175 -14.042477608 0.000036451 0.999683619 0.025158688 0.082207970 0.995063245 0.002460559 -0.099212334 4.594920635
-0.097705960 0.022570280 -0.994959354 -14.708891869 -0.001620185 0.999737918 0.022837782 0.091851614 0.995213926 0.003843406 -0.097643785 4.527795792
-0.096397929 0.022285134 -0.995093346 -15.389202118 -0.001776121 0.999743819 0.022561343 0.106572777 0.995341241 0.003942273 -0.096333668 4.458832741
-0.094396785 0.024941528 -0.995222151 -16.094598770 -0.002507247 0.999677002 0.025290983 0.116614997 0.995531499 0.004882655 -0.094303757 4.385847569
-0.092678994 0.028617755 -0.995284736 -16.810707092 -0.002968516 0.999574482 0.029017525 0.125545233 0.995691657 0.005643833 -0.092554606 4.317698956
-0.090940885 0.030595601 -0.995386183 -17.540489197 -0.003007316 0.999514878 0.030997267 0.138135687 0.995851815 0.005812359 -0.090804763 4.246971130
-0.089115515 0.029852385 -0.995573878 -18.278736115 -0.004743568 0.999526680 0.030395519 0.151315168 0.996010005 0.007431284 -0.088931717 4.174280643
-0.087330952 0.026676709 -0.995822132 -19.037357330 -0.007544068 0.999595046 0.027439378 0.169902265 0.996150732 0.009908857 -0.087094329 4.095982075
-0.085812055 0.026111767 -0.995969117 -19.817012787 -0.008408499 0.999601901 0.026931481 0.183270425 0.996275902 0.010685650 -0.085558333 4.025884628
-0.084395908 0.028629368 -0.996021032 -20.586191177 -0.006054639 0.999553919 0.029243952 0.194747955 0.996413887 0.008498617 -0.084184930 3.966283560
-0.083348021 0.030711640 -0.996047139 -21.376813889 -0.003886102 0.999507427 0.031143518 0.207922399 0.996512890 0.006466492 -0.083187617 3.900452375
-0.081864983 0.032561701 -0.996111333 -22.176591873 -0.003045221 0.999453306 0.032921217 0.221022502 0.996638775 0.005728473 -0.081721067 3.829892159
-0.081110887 0.027767723 -0.996318221 -22.976913452 -0.002690809 0.999602139 0.028078308 0.232647017 0.996701479 0.004958359 -0.081003889 3.757066011
-0.081055097 0.020676441 -0.996495068 -23.781991959 -0.001808063 0.999780118 0.020891672 0.243580461 0.996707916 0.003495104 -0.080999888 3.696114302
-0.081217371 0.016568659 -0.996558726 -24.610477448 0.001741840 0.999862671 0.016481634 0.248859152 0.996694803 -0.000397251 -0.081235074 3.628487349
-0.081667386 0.017065259 -0.996513605 -25.440851212 0.003003742 0.999853075 0.016876282 0.262163132 0.996655047 -0.001615028 -0.081706665 3.559422970
-0.081352733 0.025002567 -0.996371746 -26.269313812 0.002438641 0.999687374 0.024886653 0.262651265 0.996682286 -0.000405195 -0.081388280 3.479539156
-0.082071625 0.031941868 -0.996114373 -27.127220154 0.000691645 0.999487817 0.031993054 0.274503738 0.996626139 0.001936764 -0.082051687 3.412754536
-0.082294092 0.037397131 -0.995906174 -27.959253311 -0.001185773 0.999291301 0.037622225 0.283230394 0.996607363 0.004277007 -0.082191415 3.330640078
-0.082771868 0.037763912 -0.995852768 -28.802360535 -0.002917198 0.999268174 0.038135901 0.295746058 0.996564329 0.006061679 -0.082601145 3.255255222
-0.082896404 0.034085877 -0.995975077 -29.643381119 -0.003249727 0.999400318 0.034473587 0.312114894 0.996552885 0.006094384 -0.082735926 3.174686909
-0.083018363 0.031511433 -0.996049702 -30.476495743 -0.003427025 0.999484956 0.031905744 0.328362823 0.996542096 0.006062251 -0.082867615 3.097477198
-0.083150044 0.032752339 -0.995998681 -31.317314148 -0.004499238 0.999437213 0.033241015 0.344366699 0.996526897 0.007245229 -0.082955875 3.011509418
-0.083052605 0.034960773 -0.995931685 -32.159561157 -0.005435659 0.999353707 0.035534173 0.355577201 0.996530414 0.008364753 -0.082808897 2.936956167
-0.082891144 0.033753812 -0.995986819 -32.984138489 -0.006821061 0.999383569 0.034436610 0.361114949 0.996535182 0.009648178 -0.082609825 2.862190485
-0.082773373 0.028496990 -0.996160865 -33.807857513 -0.007452752 0.999545336 0.029213073 0.375139743 0.996540487 0.009842204 -0.082523361 2.793101549
-0.082442135 0.024257291 -0.996300638 -34.643375397 -0.009135189 0.999643207 0.025094597 0.387571901 0.996553898 0.011170248 -0.082191132 2.712976217
-0.081887856 0.025216533 -0.996322513 -35.462539673 -0.008707354 0.999623597 0.026015738 0.391123086 0.996603429 0.010805704 -0.081637435 2.644848824
-0.081309631 0.027775947 -0.996301830 -36.294624329 -0.007362417 0.999567628 0.028467849 0.398872435 0.996661723 0.009649899 -0.081069961 2.574673891
-0.080713376 0.032766841 -0.996198654 -37.140361786 -0.007058779 0.999415636 0.033444565 0.410924405 0.996712327 0.009731371 -0.080434911 2.493222237
-0.080260754 0.038488112 -0.996030629 -37.968406677 -0.006775317 0.999210060 0.039156929 0.423263013 0.996750832 0.009891189 -0.079936579 2.431173801
-0.080082916 0.041315921 -0.995931566 -38.807689667 -0.007044283 0.999092162 0.042013459 0.444419771 0.996763229 0.010380185 -0.079719171 2.347842216
-0.079804771 0.041221321 -0.995957792 -39.640163422 -0.006327074 0.999103427 0.041858494 0.466081321 0.996790409 0.009642008 -0.079472430 2.277546406
-0.079612166 0.036786463 -0.996146858 -40.460529327 -0.006784811 0.999275684 0.037444245 0.484146506 0.996802866 0.009739688 -0.079304911 2.208969831
-0.079202659 0.032595959 -0.996325433 -41.288715363 -0.007560109 0.999416888 0.033298090 0.498417139 0.996829867 0.010169626 -0.078910053 2.132766962
-0.079015113 0.029729884 -0.996429980 -42.113975525 -0.011811527 0.999457061 0.030756835 0.512466192 0.996803403 0.014199615 -0.078621067 2.051468611
-0.079268143 0.027984390 -0.996460497 -42.941535950 -0.015077760 0.999457836 0.029268002 0.524030983 0.996739268 0.017344410 -0.078803241 1.967848420
-0.080422118 0.026155438 -0.996417761 -43.751888275 -0.012970701 0.999543548 0.027284374 0.529037058 0.996676505 0.015118502 -0.080046169 1.917892098
-0.081695408 0.022373479 -0.996406138 -44.582580566 -0.009287956 0.999687433 0.023208680 0.539748073 0.996614099 0.011150617 -0.081462078 1.852250576
-0.082020715 0.020962320 -0.996410131 -45.403533936 -0.005117391 0.999756694 0.021453973 0.548169374 0.996617436 0.006858690 -0.081893504 1.776878953
-0.084238730 0.024878668 -0.996134937 -46.225017548 -0.004750266 0.999666870 0.025368584 0.548916936 0.996434271 0.006868924 -0.084092498 1.707594991
-0.085694969 0.030967379 -0.995840073 -47.052616119 -0.002595338 0.999506533 0.031304732 0.553617835 0.996318042 0.005267200 -0.085572317 1.626116633
-0.087438859 0.035143893 -0.995549738 -47.835533142 -0.000415611 0.999376118 0.035315469 0.559643567 0.996169746 0.003501706 -0.087369710 1.565517426
-0.088846155 0.033891410 -0.995468616 -48.645172119 -0.000472519 0.999419391 0.034068093 0.573361516 0.996045232 0.003497196 -0.088778555 1.486825466
-0.090067409 0.029970203 -0.995484591 -49.442764282 -0.003885839 0.999528885 0.030443534 0.583147526 0.995928049 0.006610264 -0.089908518 1.406259418
-0.091242425 0.026472557 -0.995476782 -50.229660034 -0.008899980 0.999584973 0.027397549 0.588409424 0.995788932 0.011359544 -0.090968952 1.318974495
-0.092641167 0.025384352 -0.995375931 -51.018253326 -0.012827188 0.999561548 0.026684940 0.595638454 0.995616913 0.015239997 -0.092274934 1.234391809
-0.093523592 0.026236245 -0.995271266 -51.803867340 -0.014771007 0.999506295 0.027735878 0.604807556 0.995507538 0.017295118 -0.093089871 1.156745195
-0.094521008 0.028025124 -0.995128334 -52.591876984 -0.014765817 0.999454319 0.029549468 0.611441016 0.995413363 0.017486928 -0.094055608 1.076951981
-0.095412530 0.027343068 -0.995062232 -53.371891022 -0.016278733 0.999446154 0.029024435 0.620023251 0.995304644 0.018967647 -0.094914585 0.995916843
-0.095924169 0.027174158 -0.995017648 -54.149303436 -0.017030517 0.999436140 0.028936649 0.628442407 0.995242894 0.019721389 -0.095407292 0.913730979
-0.096414395 0.028980192 -0.994919181 -54.925296783 -0.015403375 0.999412894 0.030603770 0.637111247 0.995221972 0.018275764 -0.095911406 0.835807860
-0.096564017 0.031745303 -0.994820297 -55.697013855 -0.014881746 0.999333441 0.033333842 0.649760902 0.995215416 0.018023517 -0.096027240 0.757428467
-0.096890479 0.035985120 -0.994644284 -56.471710205 -0.014637324 0.999186575 0.037575308 0.659735680 0.995187342 0.018199619 -0.096284933 0.678326130
-0.097325414 0.038153142 -0.994521081 -57.233730316 -0.014830053 0.999098361 0.039780047 0.673208833 0.995142102 0.018620409 -0.096671857 0.600204945
-0.098107569 0.038146716 -0.994444370 -57.987869263 -0.014382087 0.999106288 0.039744414 0.684513986 0.995071888 0.018201413 -0.097471252 0.523555219
-0.098385766 0.036479257 -0.994479537 -58.727565765 -0.013742477 0.999182761 0.038011353 0.693098485 0.995053470 0.017406389 -0.097804047 0.447896987
-0.098431736 0.032632090 -0.994608581 -59.461311340 -0.013168057 0.999331951 0.034090240 0.710365474 0.995056629 0.016452625 -0.097936273 0.369665474
-0.098105229 0.029731968 -0.994731784 -60.187816620 -0.013941553 0.999414563 0.031246914 0.718599439 0.995078385 0.016933590 -0.097633258 0.290655404
-0.096922942 0.027479051 -0.994912505 -60.890968323 -0.014412357 0.999475241 0.029009104 0.727526903 0.995187521 0.017150681 -0.096476041 0.219798297
-0.094358653 0.026596941 -0.995182931 -61.592285156 -0.016953046 0.999455154 0.028318530 0.734770060 0.995393872 0.019543478 -0.093856335 0.141046599
-0.090051830 0.027499851 -0.995557308 -62.295139313 -0.017326152 0.999424219 0.029173875 0.741190374 0.995786428 0.019876340 -0.089523502 0.067142539
-0.084407173 0.029466705 -0.995995462 -62.934436798 -0.017141907 0.999371767 0.031019304 0.739285111 0.996283889 0.019691514 -0.083849020 0.022523642
-0.077791557 0.030860906 -0.996491849 -63.570285797 -0.015839370 0.999356389 0.032186121 0.746839523 0.996843815 0.018287612 -0.077252649 -0.014724527
-0.069080465 0.032171451 -0.997092187 -64.205795288 -0.017071212 0.999295533 0.033425257 0.752465069 0.997464955 0.019330604 -0.068482570 -0.057452954
-0.056960985 0.033878792 -0.997801363 -64.834640503 -0.018938392 0.999207616 0.035007659 0.760776460 0.998196781 0.020890824 -0.056274228 -0.101487115
-0.042099886 0.035376936 -0.998486876 -65.436401367 -0.022228958 0.999092400 0.036335647 0.769552946 0.998866141 0.023725050 -0.041275278 -0.127325699
-0.023558408 0.036763459 -0.999046266 -66.034866333 -0.023724815 0.999021590 0.037321996 0.777208626 0.999440968 0.024581432 -0.022663148 -0.138376996
-0.001631246 0.037736244 -0.999286354 -66.595024109 -0.024805117 0.998978674 0.037765115 0.786299109 0.999691010 0.024849022 -0.000693523 -0.123917729
0.024018157 0.037812818 -0.998996139 -67.116760254 -0.024251806 0.999012351 0.037230361 0.796118557 0.999417305 0.023333257 0.024911465 -0.100353278
0.053564489 0.037232019 -0.997870028 -67.641433716 -0.022864528 0.999088287 0.036050141 0.804949760 0.998302639 0.020884823 0.054366946 -0.055738244
0.087868936 0.036837690 -0.995450675 -68.149063110 -0.021749353 0.999148726 0.035054710 0.816660285 0.995894611 0.018570187 0.088595331 0.008845660
0.125352398 0.036791898 -0.991429806 -68.625473022 -0.021237167 0.999182522 0.034394462 0.828698158 0.991884947 0.016743736 0.126031294 0.096990578
0.166377112 0.037104856 -0.985363841 -69.077644348 -0.021177994 0.999195755 0.034049835 0.824662447 0.985834718 0.015202921 0.167029098 0.191256464
0.211588010 0.038048506 -0.976618052 -69.506416321 -0.020875446 0.999189913 0.034405146 0.832554579 0.977135956 0.013107621 0.212210894 0.304347456
0.259360582 0.036604468 -0.965086639 -69.925048828 -0.016865971 0.999300659 0.033369549 0.830029070 0.965633273 0.007622378 0.259796590 0.460301846
0.309276462 0.031786311 -0.950440764 -70.322349548 -0.009328476 0.999494433 0.030391332 0.826654375 0.950926423 -0.000533161 0.309416622 0.635357797
0.361147225 0.027204558 -0.932111919 -70.682113647 -0.004539605 0.999613822 0.027415788 0.819617033 0.932497740 -0.005669716 0.361131251 0.809336722
0.413334131 0.022610186 -0.910298705 -71.064208984 0.000398214 0.999687135 0.025011249 0.825886428 0.910579383 -0.010700497 0.413195789 1.027641416
0.464736164 0.021630699 -0.885185003 -71.447525024 -0.000048459 0.999702215 0.024403639 0.841238797 0.885449231 -0.011298358 0.464598835 1.262419820
0.512674689 0.020345926 -0.858341932 -71.812805176 0.001847536 0.999690771 0.024799930 0.845901251 0.858580947 -0.014300112 0.512478530 1.522402167
0.557384014 0.015702967 -0.830106258 -72.161643982 0.009718543 0.999629259 0.025435420 0.856156588 0.830197930 -0.022244720 0.557024777 1.814631820
0.601066709 0.009506010 -0.799142361 -72.482948303 0.019988144 0.999437630 0.026922451 0.850262105 0.798948824 -0.032155562 0.600538731 2.121987820
0.643767893 0.004348030 -0.765208483 -72.807350159 0.021151576 0.999500692 0.023474077 0.858797967 0.764928341 -0.031297222 0.643354475 2.435264111
0.686000526 0.001027238 -0.727600336 -73.079750061 0.016964117 0.999704599 0.017405614 0.845305979 0.727403224 -0.024283355 0.685780466 2.716324806
0.726631999 -0.006096670 -0.686999857 -73.363311768 0.013891767 0.999886513 0.005819835 0.851368546 0.686886370 -0.013772519 0.726634324 3.057292700
0.765773237 -0.008325979 -0.643056810 -73.633743286 0.008755438 0.999958456 -0.002520698 0.854505420 0.643051147 -0.003699957 0.765814424 3.423243761
0.802545011 -0.009207028 -0.596520603 -73.885452271 0.007249472 0.999957621 -0.005680623 0.854323030 0.596547484 0.000234499 0.802577674 3.820448637
0.836285651 -0.009779009 -0.548206866 -74.110916138 0.007384111 0.999951065 -0.006572893 0.839520097 0.548244298 0.001448801 0.836317003 4.235566139
0.867285430 -0.008138925 -0.497744709 -74.381034851 0.003826569 0.999945819 -0.009683191 0.840790331 0.497796595 0.006493435 0.867269516 4.701394081
0.893100858 -0.006424475 -0.449810594 -74.588302612 0.003039849 0.999961495 -0.008246442 0.827619910 0.449846148 0.005997549 0.893085897 5.179204941
0.914146841 -0.000582179 -0.405382991 -74.781906128 -0.002714003 0.999967873 -0.007556209 0.820358038 0.405374318 0.008007695 0.914115727 5.675226212
0.931505024 0.003818210 -0.363708615 -74.967048645 -0.007623376 0.999930263 -0.009027196 0.810887933 0.363648683 0.011181565 0.931469023 6.189943314
0.944957852 0.008848896 -0.327072382 -75.151519775 -0.012139825 0.999894083 -0.008021659 0.806949615 0.326966763 0.011550729 0.944965184 6.724974632
0.954781234 0.009302981 -0.297163546 -75.306198120 -0.011650014 0.999913394 -0.006128073 0.795563102 0.297080785 0.009312926 0.954806924 7.293320656
0.962084472 0.008666906 -0.272613823 -75.460350037 -0.010338394 0.999935508 -0.004695514 0.785822928 0.272555530 0.007335870 0.962112069 7.875411987
0.967780113 0.009115195 -0.251631677 -75.607185364 -0.010166704 0.999944091 -0.002879009 0.777571023 0.251591325 0.005344512 0.967818797 8.486991882
0.972411633 0.011636433 -0.232980922 -75.756790161 -0.012053243 0.999927223 -0.000365377 0.771450460 0.232959703 0.003163472 0.972481310 9.096917152
0.975871742 0.016399108 -0.217727780 -75.898147583 -0.016539380 0.999862552 0.001178260 0.765841126 0.217717171 0.002451252 0.976008773 9.731990814
0.978661597 0.020092785 -0.204493582 -76.032531738 -0.019953866 0.999797225 0.002741540 0.757161200 0.204507187 0.001397397 0.978864014 10.377689362
0.981316745 0.019032381 -0.191455051 -76.158729553 -0.018890794 0.999818265 0.002564942 0.746708274 0.191469073 0.001099717 0.981498003 11.044296265
0.983915985 0.019204793 -0.177596286 -76.288429260 -0.019182393 0.999814272 0.001843306 0.742718935 0.177598730 0.001593063 0.984101653 11.734306335
0.986443341 0.019600382 -0.162927032 -76.401779175 -0.019520788 0.999807239 0.002089583 0.742241561 0.162936613 0.001119208 0.986635923 12.436171532
0.988621414 0.021025131 -0.148948357 -76.504791260 -0.020919221 0.999778628 0.002277850 0.740846515 0.148963258 0.000863952 0.988842368 13.147499084
0.990458131 0.021413503 -0.136139929 -76.604682922 -0.021638073 0.999765933 -0.000169823 0.726005018 0.136104420 0.003114009 0.990689635 13.865952492
0.991909564 0.021627652 -0.125090629 -76.697372437 -0.022457257 0.999734223 -0.005225559 0.710615039 0.124944374 0.007992474 0.992131591 14.598737717
0.993091702 0.021290923 -0.115393087 -76.783912659 -0.022737768 0.999678314 -0.011236504 0.691189885 0.115116768 0.013782660 0.993256330 15.339757919
0.993999481 0.019498432 -0.107632905 -76.873275757 -0.020873033 0.999714136 -0.011659299 0.685699701 0.107374810 0.013835962 0.994122326 16.127988815
0.994709194 0.021206301 -0.100518450 -76.958862305 -0.021853281 0.999747038 -0.005339580 0.671004653 0.100379780 0.007507989 0.994920850 16.895549774
0.995117009 0.025741829 -0.095286265 -77.042655945 -0.025604628 0.999668717 0.002662461 0.656020522 0.095323227 -0.000209690 0.995446324 17.662645340
0.995475173 0.026478685 -0.091258325 -77.112945557 -0.026010547 0.999641657 0.006315565 0.644081712 0.091392867 -0.003913306 0.995807171 18.424980164
0.995818317 0.025528872 -0.087716743 -77.188743591 -0.025136968 0.999668479 0.005569703 0.630375922 0.087829858 -0.003341479 0.996129870 19.191211700
0.996071517 0.025040647 -0.084938273 -77.246604919 -0.024779722 0.999684453 0.004124973 0.623169780 0.085014760 -0.002004020 0.996377707 19.956731796
0.996383309 0.024255062 -0.081436515 -77.331092834 -0.023781195 0.999694169 0.006783896 0.612173200 0.081576146 -0.004822703 0.996655464 20.740486145
0.996637702 0.022043975 -0.078912869 -77.389328003 -0.021390675 0.999729633 0.009114638 0.605695009 0.079092458 -0.007395991 0.996839881 21.511178970
0.996923804 0.019801296 -0.075834252 -77.447647095 -0.019014021 0.999757707 0.011089519 0.594171405 0.076035455 -0.009613490 0.997058809 22.274768829
0.997150481 0.019069023 -0.072988473 -77.504547119 -0.018592246 0.999801219 0.007206131 0.589442372 0.073111370 -0.005828577 0.997306764 23.032127380
0.997215569 0.022031249 -0.071243778 -77.568809509 -0.022088457 0.999756098 -0.000015167 0.575540125 0.071226045 0.001588791 0.997458994 23.789709091
0.997281551 0.022948440 -0.070020191 -77.622863770 -0.023527956 0.999695301 -0.007462841 0.562789857 0.069827601 0.009089985 0.997517586 24.527677536
0.997355402 0.023772068 -0.068679735 -77.680404663 -0.024630785 0.999628365 -0.011683398 0.549945951 0.068376474 0.013344137 0.997570276 25.285743713
0.997452676 0.025917992 -0.066455401 -77.740676880 -0.026638363 0.999595404 -0.009976625 0.528950751 0.066169947 0.011721475 0.997739494 26.051933289
0.997533381 0.029381121 -0.063748717 -77.802566528 -0.029813183 0.999538481 -0.005836713 0.507815063 0.063547827 0.007722869 0.997948885 26.802658081
0.997581363 0.032036792 -0.061685018 -77.854133606 -0.032144867 0.999483049 -0.000760220 0.495873570 0.061628766 0.002741238 0.998095393 27.570198059
0.997817874 0.029832903 -0.058902357 -77.904792786 -0.029836442 0.999554455 0.000819642 0.484637469 0.058900557 0.000939583 0.998263419 28.330810547
0.997969151 0.027129544 -0.057633169 -77.952041626 -0.027127253 0.999631584 0.000822269 0.469874650 0.057634246 0.000742830 0.998337507 29.093635559
0.998098969 0.024981007 -0.056343190 -77.996818542 -0.024963018 0.999687791 0.001023253 0.453460485 0.056351162 0.000385188 0.998410940 29.843091965
0.998144388 0.024335332 -0.055816863 -78.033630371 -0.024439387 0.999700546 -0.001182314 0.444459051 0.055771384 0.002544250 0.998440325 30.591499329
0.998227000 0.022096140 -0.055269297 -78.073326111 -0.022271076 0.999748707 -0.002551147 0.433273464 0.055199035 0.003777531 0.998468220 31.346134186
0.998293877 0.020633195 -0.054622538 -78.115852356 -0.020805400 0.999780178 -0.002585904 0.422356755 0.054557174 0.003717936 0.998503685 32.106628418
0.998257697 0.024702804 -0.053587042 -78.171356201 -0.024829274 0.999690235 -0.001695583 0.410110623 0.053528558 0.003023156 0.998561740 32.883647919
0.998263597 0.024633009 -0.053509556 -78.213211060 -0.024781190 0.999690711 -0.002107444 0.394016296 0.053441096 0.003429815 0.998565137 33.654628754
0.998184204 0.024141019 -0.055187054 -78.257003784 -0.024299229 0.999702275 -0.002197467 0.380295634 0.055117577 0.003534480 0.998473644 34.431037903
0.998128414 0.021898394 -0.057097007 -78.307052612 -0.022035314 0.999755681 -0.001769460 0.369423270 0.057044305 0.003024299 0.998367071 35.218296051
0.997926176 0.023297042 -0.060005091 -78.368614197 -0.023461850 0.999722660 -0.002043349 0.360130757 0.059940845 0.003446942 0.998196006 36.020561218
0.997655571 0.027075196 -0.062851109 -78.427185059 -0.027235040 0.999627709 -0.001687754 0.335417271 0.062782004 0.003395549 0.998021483 36.812004089
0.997466803 0.028418366 -0.065210193 -78.490081787 -0.028942155 0.999555886 -0.007101542 0.331439674 0.064979419 0.008970879 0.997846246 37.591045380
0.997289777 0.029139215 -0.067557074 -78.554946899 -0.029926788 0.999495089 -0.010675080 0.320228338 0.067211889 0.012667915 0.997658253 38.395404816
0.997162163 0.028312117 -0.069756940 -78.612884521 -0.029225165 0.999499619 -0.012103170 0.302149892 0.069379352 0.014107482 0.997490644 39.205898285
0.996991873 0.028431403 -0.072102234 -78.678756714 -0.029250881 0.999518752 -0.010334979 0.279202640 0.071773686 0.012412945 0.997343719 40.039310455
0.996858597 0.026871253 -0.074503198 -78.744171143 -0.027664557 0.999570906 -0.009636295 0.260051459 0.074212261 0.011667123 0.997174263 40.862937927
0.996770084 0.026343621 -0.075863957 -78.812500000 -0.027037373 0.999601305 -0.008132048 0.248564914 0.075619482 0.010156944 0.997084975 41.682876587
0.996720374 0.025804240 -0.076697178 -78.884475708 -0.026225228 0.999645948 -0.004486676 0.233558238 0.076554246 0.006483363 0.997044265 42.520408630
0.996629000 0.025300078 -0.078041174 -78.948173523 -0.025348954 0.999678612 0.000364476 0.220639989 0.078025296 0.001615014 0.996949971 43.365173340
0.996712983 0.025768807 -0.076805726 -79.023612976 -0.025650267 0.999667764 0.002529629 0.205059707 0.076845400 -0.000551226 0.997042775 44.211658478
0.996764481 0.028955279 -0.074980967 -79.104209900 -0.028835943 0.999580562 0.002673847 0.196467191 0.075026944 -0.000503049 0.997181356 45.090057373
0.996933520 0.028924078 -0.072711773 -79.173416138 -0.028918631 0.999581099 0.001127914 0.190308258 0.072713934 0.000978269 0.997352302 45.948410034
0.997102141 0.026502002 -0.071309298 -79.237457275 -0.026651751 0.999644101 -0.001149160 0.178508699 0.071253464 0.003046347 0.997453511 46.816867828
0.997304261 0.022819463 -0.069737755 -79.298095703 -0.023047049 0.999731362 -0.002460530 0.157755986 0.069662869 0.004061147 0.997562289 47.675437927
0.997486055 0.021515366 -0.067517042 -79.362266541 -0.021773860 0.999758244 -0.003094992 0.149839342 0.067434117 0.004557319 0.997713327 48.549613953
0.997587264 0.019439271 -0.066646405 -79.422157288 -0.019496836 0.999809921 -0.000213413 0.130831063 0.066629589 0.001512293 0.997776568 49.419097900
0.997692823 0.016774762 -0.065784693 -79.482612610 -0.016668426 0.999858797 0.002164977 0.117331676 0.065811731 -0.001063454 0.997831464 50.292224884
0.997755229 0.016387403 -0.064930744 -79.542327881 -0.016280675 0.999865115 0.002172529 0.108038664 0.064957596 -0.001110535 0.997887373 51.199623108
0.997813046 0.018004833 -0.063600101 -79.603996277 -0.018102176 0.999835670 -0.000954613 0.090728246 0.063572466 0.002103825 0.997975051 52.067310333
0.997810304 0.020439111 -0.062904112 -79.672569275 -0.020892452 0.999760211 -0.006557552 0.071194679 0.062754996 0.007857414 0.997998059 52.931968689
0.997827113 0.021850377 -0.062158179 -79.727592468 -0.022656552 0.999667764 -0.012294525 0.054196097 0.061868884 0.013676099 0.997990608 53.802085876
0.997763157 0.027160211 -0.061082691 -79.795646667 -0.028283168 0.999445081 -0.017595189 0.020450970 0.060570899 0.019283446 0.997977614 54.654407501
0.997821689 0.027870001 -0.059791986 -79.860549927 -0.029029131 0.999405444 -0.018605629 -0.006383182 0.059237894 0.020300807 0.998037457 55.517024994
0.997925103 0.023663707 -0.059879635 -79.910285950 -0.024452599 0.999623060 -0.012476275 -0.026279042 0.059561841 0.013914602 0.998127639 56.358329773
0.997897565 0.023551460 -0.060380746 -79.966964722 -0.023811623 0.999710023 -0.003592699 -0.048493978 0.060278621 0.005022909 0.998168945 57.216831207
0.997855484 0.022290548 -0.061545301 -80.023139954 -0.022051610 0.999746382 0.004558956 -0.073181234 0.061631322 -0.003192006 0.998093843 58.070270538
0.997755885 0.019794121 -0.063964188 -80.081420898 -0.019693676 0.999803662 0.002200439 -0.086127609 0.063995175 -0.000935812 0.997949719 58.901012421
0.997742891 0.015179446 -0.065412447 -80.142486572 -0.015313807 0.999881566 -0.001553173 -0.100725882 0.065381117 0.002551382 0.997857094 59.751083374
0.997570574 0.013376282 -0.068365633 -80.198822021 -0.013591443 0.999903977 -0.002683047 -0.120176233 0.068323202 0.003605717 0.997656643 60.571643829
0.997346401 0.015283605 -0.071178280 -80.263153076 -0.015680624 0.999864399 -0.005022372 -0.138356075 0.071091875 0.006125165 0.997450948 61.394382477
0.997110844 0.017048582 -0.074020803 -80.339820862 -0.017700145 0.999809980 -0.008155341 -0.161229596 0.073867701 0.009441959 0.997223377 62.209918976
0.996805012 0.017952817 -0.077828392 -80.415344238 -0.018921873 0.999752045 -0.011731622 -0.177935213 0.077598490 0.013166800 0.996897757 63.023780823
0.996512651 0.020323351 -0.080927268 -80.488273621 -0.021625077 0.999649882 -0.015241214 -0.209084764 0.080589190 0.016938122 0.996603429 63.829536438
0.996155798 0.024224043 -0.084183119 -80.573562622 -0.025612934 0.999552429 -0.015457604 -0.232474267 0.083771005 0.017554358 0.996330380 64.627212524
0.995748937 0.027760725 -0.087825589 -80.653747559 -0.029057875 0.999486268 -0.013525526 -0.254553884 0.087404989 0.016020050 0.996043980 65.431419373
0.995332599 0.030963572 -0.091401227 -80.742309570 -0.031771511 0.999467790 -0.007397392 -0.278920263 0.091123514 0.010266818 0.995786607 66.232666016
0.994917095 0.031201895 -0.095741771 -80.825469971 -0.031502612 0.999502301 -0.001630610 -0.300101459 0.095643245 0.004638437 0.995404840 67.043708801
0.994488776 0.030076541 -0.100436218 -80.911888123 -0.030047458 0.999546826 0.001802641 -0.316021234 0.100444943 0.001225147 0.994941831 67.847038269
0.993822575 0.029554909 -0.106971897 -81.002151489 -0.029397065 0.999563098 0.003052484 -0.329140782 0.107015386 0.000111032 0.994257331 68.636795044
0.993305087 0.027373983 -0.112230115 -81.099731445 -0.026781114 0.999618232 0.006787107 -0.340751320 0.112373069 -0.003736022 0.993659079 69.415458679
0.992476165 0.028386956 -0.119102173 -81.192344666 -0.027826561 0.999592483 0.006365876 -0.351534516 0.119234338 -0.003003777 0.992861629 70.199905396
0.991610229 0.033121224 -0.124948479 -81.304222107 -0.032677185 0.999450207 0.005602184 -0.362296939 0.125065327 -0.001472218 0.992147446 70.970542908
0.990812719 0.035370711 -0.130534172 -81.424575806 -0.035391640 0.999371111 0.002160256 -0.374677956 0.130528495 0.002479407 0.991441488 71.735839844
0.989998102 0.033847481 -0.136960357 -81.531051636 -0.034292199 0.999411404 -0.000888197 -0.380054027 0.136849657 0.005575984 0.990576148 72.493888855
0.989202678 0.035181064 -0.142268136 -81.649864197 -0.035800368 0.999357402 -0.001794957 -0.395696878 0.142113566 0.006868827 0.989826560 73.259109497
0.988474607 0.037258584 -0.146730050 -81.774894714 -0.037181489 0.999303222 0.003268964 -0.404181868 0.146749616 0.002224354 0.989171147 74.030929565
0.987570286 0.037827186 -0.152557850 -81.906845093 -0.037166581 0.999283254 0.007180550 -0.411060035 0.152720124 -0.001421245 0.988268435 74.798027039
0.986604512 0.037261471 -0.158817321 -82.034523010 -0.036188103 0.999298453 0.009646126 -0.428122908 0.159065321 -0.003769613 0.987260878 75.555107117
0.985525072 0.034787934 -0.165921673 -82.169174194 -0.034306835 0.999394655 0.005765508 -0.433909893 0.166021824 0.000010194 0.986122072 76.308471680
0.984135330 0.032058090 -0.174498662 -82.307357788 -0.032803230 0.999460816 -0.001386975 -0.440540195 0.174360126 0.007089093 0.984656453 77.054420471
0.982520819 0.030006967 -0.183718190 -82.442794800 -0.031073669 0.999512792 -0.002929378 -0.454268247 0.183540747 0.008586971 0.982974589 77.783187866
0.980541825 0.029350605 -0.194103673 -82.600852966 -0.029896135 0.999552965 0.000118860 -0.466360152 0.194020405 0.005686402 0.980980992 78.524887085
0.978293180 0.029781301 -0.205074534 -82.766143799 -0.029097347 0.999556363 0.006350649 -0.475111157 0.205172688 -0.000245673 0.978725731 79.266838074
0.975710511 0.031194342 -0.216831267 -82.947334290 -0.028886542 0.999487400 0.013805402 -0.475815117 0.217150763 -0.007206568 0.976111412 80.003776550
0.973075330 0.032129459 -0.228237033 -83.110885620 -0.028873218 0.999428272 0.017592555 -0.486268222 0.228671774 -0.010528944 0.973446608 80.714828491
0.970172703 0.035307162 -0.239829838 -83.303512573 -0.033141576 0.999365389 0.013057987 -0.492586046 0.240138680 -0.004720164 0.970727146 81.427711487
0.967182577 0.035231031 -0.251627862 -83.507629395 -0.035363670 0.999366462 0.003996325 -0.498046368 0.251609266 0.005033308 0.967815876 82.128677368
0.963894486 0.032807555 -0.264255583 -83.709144592 -0.034225166 0.999413848 -0.000761101 -0.499434650 0.264075756 0.009777813 0.964452386 82.841484070
0.960651875 0.031240033 -0.275992811 -83.917472839 -0.031177152 0.999503195 0.004616523 -0.514531434 0.275999993 0.004169799 0.961148620 83.543495178
0.957291245 0.032445572 -0.287299216 -84.143508911 -0.030282477 0.999469638 0.011970859 -0.520125747 0.287535280 -0.002759464 0.957766056 84.267402649
0.953716218 0.032361526 -0.298961818 -84.381912231 -0.028543675 0.999445677 0.017129360 -0.521870017 0.299350441 -0.007803078 0.954111278 84.978729248
0.949711263 0.029788986 -0.311706871 -84.623565674 -0.026293252 0.999535441 0.015412399 -0.524630845 0.312021196 -0.006441540 0.950053334 85.691192627
0.946062088 0.028276863 -0.322749257 -84.880798340 -0.025933277 0.999596715 0.011559991 -0.531606793 0.322946042 -0.002566522 0.946413875 86.387527466
0.942932546 0.023945013 -0.332121700 -85.125335693 -0.023728369 0.999707341 0.004708386 -0.540307283 0.332137257 0.003441015 0.943224788 87.088386536
0.940154731 0.019909596 -0.340165645 -85.383163452 -0.021525025 0.999767840 -0.000975652 -0.547228217 0.340067238 0.008239338 0.940365076 87.793792725
0.937552571 0.019522123 -0.347295135 -85.652030945 -0.022015663 0.999752402 -0.003235151 -0.552959204 0.347145975 0.010679058 0.937750280 88.496246338
0.934533775 0.025084447 -0.354989111 -85.940925598 -0.028010758 0.999602795 -0.003105782 -0.568046331 0.354770243 0.012845972 0.934865296 89.205711365
0.931549668 0.025658114 -0.362707675 -86.213272095 -0.027769625 0.999614298 -0.000608127 -0.583241343 0.362552226 0.010638759 0.931902707 89.890823364
0.928452313 0.026006121 -0.370540142 -86.498588562 -0.025595041 0.999654233 0.006027291 -0.586229444 0.370568782 0.003887937 0.928796887 90.596946716
0.925654590 0.027817311 -0.377345622 -86.787818909 -0.024155725 0.999603987 0.014433552 -0.592735589 0.377597749 -0.004245428 0.925960004 91.308723450
0.923077464 0.038498346 -0.382682711 -87.107795715 -0.032935183 0.999235153 0.021080583 -0.600766838 0.383201629 -0.006855282 0.923639357 92.009536743
0.920359850 0.044725947 -0.388506532 -87.415199280 -0.040849525 0.998998821 0.018236240 -0.598944962 0.388933271 -0.000913593 0.921265423 92.691131592
0.917998254 0.041386202 -0.394419044 -87.719116211 -0.040418882 0.999124825 0.010763966 -0.598992527 0.394519329 0.006060675 0.918867707 93.380844116
0.916135907 0.033641201 -0.399453878 -88.019386292 -0.035271771 0.999372423 0.003270342 -0.601473391 0.399313211 0.011093369 0.916747510 94.069427490
0.914212048 0.034086894 -0.403800040 -88.326225281 -0.036108356 0.999344349 0.002609831 -0.603586078 0.403624326 0.012194618 0.914843559 94.768585205
0.912371278 0.040958930 -0.407309651 -88.677642822 -0.041201457 0.999117374 0.008179913 -0.615792096 0.407285303 0.009318633 0.913253486 95.465187073
0.909824014 0.043084852 -0.412751675 -89.003074646 -0.041751541 0.999052882 0.012253105 -0.615808785 0.412888676 0.006084848 0.910761178 96.183845520
0.907640874 0.039179675 -0.417914987 -89.325996399 -0.038490191 0.999208093 0.010081893 -0.622666180 0.417979062 0.006934890 0.908430159 96.881843567
0.905390501 0.037738036 -0.422899246 -89.661720276 -0.039754268 0.999201298 0.004054742 -0.633001864 0.422714502 0.013140926 0.906167686 97.569755554
0.903286576 0.035137925 -0.427596450 -90.000640869 -0.040095188 0.999192536 -0.002590978 -0.637691736 0.427160144 0.019484956 0.903966069 98.264732361
