1.000000000 0.000000000 0.000000000 0.000000000 0.000000000 1.000000000 0.000000000 0.000000000 0.000000000 0.000000000 1.000000000 0.000000000
0.999995768 0.002896164 0.000180887 -0.007244891 -0.002896415 0.999994814 0.001405237 -0.013786038 -0.000176816 -0.001405755 0.999998987 0.770590007
0.999985158 0.005408374 0.000554257 -0.009958178 -0.005409414 0.999983549 0.001893103 -0.029853901 -0.000544009 -0.001896073 0.999998033 1.542334676
0.999977171 0.006642784 0.001223815 -0.023444697 -0.006644921 0.999976337 0.001750387 -0.047809105 -0.001212158 -0.001758479 0.999997735 2.272491693
0.999961913 0.008663343 0.001081798 -0.025068194 -0.008664805 0.999961555 0.001352146 -0.059967708 -0.001070043 -0.001361468 0.999998510 3.001398802
0.999959111 0.008831108 0.001923820 -0.040808398 -0.008833537 0.999960124 0.001257923 -0.076432280 -0.001912635 -0.001274866 0.999997318 3.709727287
0.999957681 0.008990123 0.001966675 -0.034584377 -0.008994207 0.999957383 0.002077559 -0.088171445 -0.001947913 -0.002095160 0.999995947 4.405405521
0.999944746 0.010084989 0.002973107 -0.047174104 -0.010099924 0.999936223 0.005052054 -0.102225199 -0.002921968 -0.005081804 0.999982834 5.080657959
0.999943495 0.009674211 0.004394962 -0.045624908 -0.009713054 0.999913156 0.008904088 -0.109360889 -0.004308440 -0.008946273 0.999950707 5.750683308
0.999942899 0.009039099 0.005699882 -0.042918399 -0.009109629 0.999880672 0.012471819 -0.120174140 -0.005586468 -0.012523032 0.999906003 6.380369663
0.999942362 0.008243686 0.006883965 -0.041841518 -0.008344651 0.999856055 0.014769025 -0.128401831 -0.006761224 -0.014825618 0.999867260 6.995433807
0.999930024 0.008898842 0.007790723 -0.032233320 -0.009012288 0.999852002 0.014649745 -0.139259011 -0.007659206 -0.014718932 0.999862254 7.567672253
0.999914467 0.009646541 0.008834375 -0.032376446 -0.009753647 0.999878407 0.012162074 -0.149039730 -0.008715979 -0.012247200 0.999886990 8.115465164
0.999909401 0.009433493 0.009597457 -0.027296837 -0.009521698 0.999912441 0.009186490 -0.152987733 -0.009509957 -0.009277041 0.999911726 8.646436691
0.999908149 0.007931587 0.010995904 -0.012255160 -0.008017560 0.999937356 0.007796708 -0.161637723 -0.010933377 -0.007884150 0.999909163 9.144826889
0.999907196 0.004070079 0.013000061 -0.007986590 -0.004138669 0.999977589 0.005253541 -0.164724991 -0.012978387 -0.005306856 0.999901652 9.608281136
0.999887168 0.002213924 0.014856399 0.005661455 -0.002280562 0.999987364 0.004470060 -0.174271896 -0.014846317 -0.004503436 0.999879658 10.052153587
0.999838352 0.006562927 0.016742812 0.010928855 -0.006601583 0.999975622 0.002254553 -0.182173491 -0.016727611 -0.002364718 0.999857306 10.467171669
0.999743462 0.011051727 0.019771732 0.012249339 -0.011087031 0.999937057 0.001676897 -0.191251233 -0.019751959 -0.001895676 0.999803126 10.857545853
0.999675214 0.011424582 0.022777785 0.022627586 -0.011493337 0.999929726 0.002889930 -0.200510427 -0.022743169 -0.003150783 0.999736428 11.200138092
0.999639928 0.006984492 0.025908073 0.037766695 -0.007079477 0.999968529 0.003576324 -0.209817618 -0.025882280 -0.003758451 0.999657989 11.515600204
0.999582589 0.002840729 0.028750373 0.051339991 -0.002925391 0.999991536 0.002903092 -0.208099723 -0.028741883 -0.002985986 0.999582410 11.802659035
0.999512613 -0.000518704 0.031212090 0.067296967 0.000385837 0.999990821 0.004262770 -0.212580606 -0.031214012 -0.004248650 0.999503732 12.060421944
0.999435067 -0.001160108 0.033589136 0.076183975 0.000979510 0.999985039 0.005392639 -0.221055716 -0.033594891 -0.005356691 0.999421179 12.289653778
0.999357164 -0.000442409 0.035847288 0.081923947 0.000287013 0.999990523 0.004339953 -0.224546626 -0.035848871 -0.004326874 0.999347866 12.495167732
0.999294877 0.000212590 0.037547346 0.099084780 -0.000336063 0.999994576 0.003282181 -0.233799487 -0.037546445 -0.003292485 0.999289513 12.688767433
0.999171019 0.002791689 0.040612392 0.096295036 -0.002886191 0.999993205 0.002268486 -0.237171143 -0.040605787 -0.002383820 0.999172390 12.849074364
0.999090075 0.005677808 0.042271156 0.098886564 -0.005751528 0.999982119 0.001622547 -0.242469519 -0.042261191 -0.001864194 0.999104917 13.021328926
0.999029875 0.007053837 0.043467842 0.106677763 -0.007073768 0.999974906 0.000304744 -0.251087815 -0.043464605 -0.000611930 0.999054849 13.177166939
0.998943925 0.006287742 0.045513142 0.112266809 -0.006225900 0.999979496 -0.001500391 -0.255648136 -0.045521643 0.001215446 0.998962641 13.322896957
0.998887002 0.004666097 0.046934839 0.124450140 -0.004546826 0.999986112 -0.002647646 -0.261271805 -0.046946540 0.002431295 0.998894453 13.467252731
0.998825133 0.003968094 0.048298441 0.131529287 -0.003791275 0.999985814 -0.003752037 -0.263770342 -0.048312642 0.003564516 0.998825908 13.603987694
0.998753607 0.004879405 0.049672037 0.139419377 -0.004623621 0.999975443 -0.005263049 -0.265156925 -0.049696505 0.005026825 0.998751700 13.739498138
0.998680651 0.005438742 0.051063858 0.142638758 -0.005089291 0.999962747 -0.006970964 -0.271815658 -0.051099874 0.006701888 0.998670995 13.860511780
0.998640418 0.005750369 0.051809583 0.154445678 -0.005266065 0.999941289 -0.009479442 -0.271550268 -0.051861044 0.009193719 0.998611987 13.987241745
0.998608232 0.004921191 0.052511513 0.161076576 -0.004317242 0.999923348 -0.011608506 -0.278268605 -0.052564610 0.011365646 0.998552799 14.113202095
0.998633027 0.004102268 0.052108873 0.167141318 -0.003405440 0.999903679 -0.013454320 -0.281079412 -0.052159052 0.013258471 0.998550713 14.239018440
0.998742938 0.003404620 0.050008938 0.172579765 -0.002678226 0.999890089 -0.014585140 -0.286376745 -0.050053094 0.014432871 0.998642266 14.364166260
0.998886168 0.003781440 0.047033798 0.179489464 -0.003055242 0.999875188 -0.015502244 -0.289001346 -0.047086548 0.015341278 0.998772979 14.495758057
0.999062777 0.004274270 0.043071780 0.175660133 -0.003548244 0.999850571 -0.016918564 -0.287827075 -0.043137655 0.016749881 0.998928785 14.615694046
0.999284387 0.004294987 0.037578419 0.169510335 -0.003619531 0.999831021 -0.018024191 -0.293364704 -0.037649490 0.017875278 0.999131083 14.739202499
0.999523103 0.004041443 0.030614540 0.171139941 -0.003476388 0.999823034 -0.018487887 -0.298797011 -0.030683840 0.018372644 0.999360263 14.859881401
0.999719799 0.004401768 0.023258654 0.169120148 -0.003944866 0.999799013 -0.019653890 -0.296795160 -0.023340495 0.019556632 0.999536276 14.984741211
0.999876916 0.003656723 0.015258040 0.161220908 -0.003347857 0.999790013 -0.020219464 -0.303652942 -0.015328771 0.020165898 0.999679148 15.117006302
0.999981880 0.002928083 0.005256389 0.150382563 -0.002814654 0.999765754 -0.021458399 -0.305896997 -0.005317990 0.021443218 0.999755919 15.250307083
0.999967992 0.001489954 -0.007859523 0.143923104 -0.001672408 0.999728084 -0.023259053 -0.307722002 0.007822732 0.023271454 0.999698639 15.399229050
0.999714732 0.000553018 -0.023877867 0.119749568 -0.001155810 0.999680877 -0.025238387 -0.309796631 0.023856290 0.025258789 0.999396205 15.551017761
0.999069810 0.001004874 -0.043110229 0.093818054 -0.002140192 0.999651849 -0.026297187 -0.312012583 0.043068800 0.026364991 0.998724222 15.731599808
0.997906506 0.002020452 -0.064641379 0.052014872 -0.003697486 0.999659359 -0.025834560 -0.317489356 0.064567164 0.026019486 0.997574091 15.904791832
0.996087909 0.002475864 -0.088333443 0.017372986 -0.004627051 0.999697506 -0.024156591 -0.327651381 0.088246919 0.024470814 0.995797992 16.102508545
0.993358791 0.003280298 -0.115011021 -0.027820012 -0.005928939 0.999724805 -0.022694932 -0.332731456 0.114904933 0.023226107 0.993104935 16.314737320
0.989413440 0.004646919 -0.145049825 -0.094169103 -0.007680028 0.999763250 -0.020357855 -0.342299640 0.144920871 0.021256322 0.989214838 16.543691635
0.983976841 0.004499995 -0.178239644 -0.168070719 -0.007685203 0.999822795 -0.017183963 -0.342678249 0.178130761 0.018278429 0.983836949 16.793016434
0.976613700 0.005589173 -0.214928806 -0.255216777 -0.008619474 0.999876201 -0.013164431 -0.350988835 0.214828610 0.014709138 0.976540983 17.037820816
0.966984928 0.007025137 -0.254736662 -0.358535439 -0.009337937 0.999925375 -0.007870994 -0.353671104 0.254662395 0.009989848 0.966978371 17.296575546
0.955143034 0.011011585 -0.295940131 -0.489431888 -0.012463493 0.999917746 -0.003020001 -0.357106239 0.295882583 0.006572981 0.955201685 17.572540283
0.941007733 0.014358879 -0.338080376 -0.629681587 -0.014777283 0.999889910 0.001336251 -0.360122025 0.338062286 0.003738488 0.941116333 17.844268799
0.924289227 0.016856005 -0.381320566 -0.780857444 -0.015272299 0.999857485 0.007179223 -0.364210695 0.381387264 -0.000812038 0.924414992 18.122522354
0.904902220 0.020440456 -0.425128371 -0.942232132 -0.015533093 0.999766707 0.015006654 -0.372070611 0.425335944 -0.006975998 0.905008674 18.400514603
0.883189917 0.024769308 -0.468361020 -1.117969513 -0.016608763 0.999629855 0.021546302 -0.370447040 0.468721390 -0.011250580 0.883274376 18.657079697
0.858480752 0.030272922 -0.511951327 -1.328245878 -0.019590924 0.999463558 0.026249068 -0.373903662 0.512471199 -0.012504721 0.858613312 18.933168411
0.830306292 0.033388313 -0.556306362 -1.549272656 -0.020342646 0.999354243 0.029617004 -0.371861070 0.556935966 -0.013274441 0.830449283 19.205823898
0.799525678 0.037306659 -0.599472165 -1.798397779 -0.022921249 0.999237239 0.031614609 -0.368738294 0.600194395 -0.011536039 0.799771011 19.467670441
0.765374601 0.040438514 -0.642313421 -2.067799091 -0.023716722 0.999118328 0.034641474 -0.362389475 0.643147945 -0.011280136 0.765658855 19.742160797
0.728579581 0.044098184 -0.683540106 -2.392542124 -0.024748862 0.998968601 0.038068261 -0.341107726 0.684513807 -0.010818918 0.728919506 20.032306671
0.689886272 0.044616319 -0.722541571 -2.715543747 -0.022021972 0.998930454 0.040656410 -0.322881639 0.723582745 -0.012136510 0.690130889 20.282346725
0.648387492 0.044413015 -0.760013938 -3.063454866 -0.019419603 0.998936892 0.041807618 -0.308070332 0.761062741 -0.012348367 0.648560703 20.546747208
0.606337547 0.043415487 -0.794021368 -3.448844671 -0.013965715 0.998935819 0.043955177 -0.296141833 0.795084715 -0.015562601 0.606298625 20.790624619
0.561192513 0.043272287 -0.826553404 -3.854957581 -0.008671090 0.998884976 0.046407025 -0.283214241 0.827639878 -0.018876158 0.560941935 21.040834427
0.515686452 0.044899765 -0.855599999 -4.286769390 -0.006602887 0.998804510 0.048435096 -0.263018370 0.856751919 -0.019327890 0.515366435 21.243663788
0.465611368 0.044470776 -0.883871198 -4.744030476 -0.005386060 0.998860657 0.047418997 -0.240228370 0.884972870 -0.017318243 0.465320379 21.443525314
0.413623095 0.043391999 -0.909413576 -5.229158401 0.000247500 0.998858213 0.047772352 -0.220903590 0.910448134 -0.019984826 0.413140059 21.629089355
0.359054267 0.042449977 -0.932350755 -5.737081528 0.005307168 0.998856127 0.047521789 -0.197092921 0.933301568 -0.022011045 0.358418256 21.809095383
0.305831760 0.041559923 -0.951178074 -6.250944614 0.008090484 0.998897314 0.046246253 -0.175315529 0.952051222 -0.021839062 0.305158287 21.936393738
0.252271682 0.047328860 -0.966498315 -6.809708595 0.009290457 0.998638630 0.051327713 -0.146203578 0.967611849 -0.021927740 0.251488566 22.046651840
0.200918376 0.052658372 -0.978191674 -7.399806976 0.011470362 0.998359263 0.056100022 -0.119711339 0.979540825 -0.022491742 0.199984744 22.133874893
0.153015837 0.053582668 -0.986769974 -7.992014885 0.017231923 0.998232424 0.056877207 -0.091075487 0.988073468 -0.025707057 0.151822045 22.201829910
0.108471632 0.055152394 -0.992568433 -8.610138893 0.019973582 0.998137355 0.057644621 -0.069548570 0.993898869 -0.026077954 0.107168011 22.246765137
0.068432547 0.053270083 -0.996232510 -9.243560791 0.019650035 0.998307824 0.054730836 -0.039975516 0.997462213 -0.023321377 0.067270011 22.255947113
0.032872356 0.048885908 -0.998263240 -9.876148224 0.017375223 0.998624146 0.049475737 -0.006355009 0.999308527 -0.018971434 0.031977724 22.251510620
0.004590895 0.048725471 -0.998801649 -10.551697731 0.014719836 0.998700678 0.048788197 0.030602399 0.999881089 -0.014926178 0.003867700 22.226243973
-0.016410172 0.053111386 -0.998453796 -11.254732132 0.013903582 0.998503804 0.052885536 0.058798708 0.999768674 -0.013014222 -0.017124055 22.197177887
-0.029689753 0.059022494 -0.997815013 -11.975915909 0.015699871 0.998159528 0.058575727 0.093595892 0.999435842 -0.013926469 -0.030561754 22.179689407
-0.037706435 0.061611179 -0.997387826 -12.720429420 0.015318768 0.998015940 0.061070845 0.128668457 0.999171495 -0.012975989 -0.038575426 22.144411087
-0.041440181 0.058839586 -0.997406960 -13.478730202 0.016265385 0.998171926 0.058208928 0.162026376 0.999008596 -0.013811020 -0.042321481 22.103195190
-0.040497106 0.055018701 -0.997663736 -14.256087303 0.023803756 0.998252630 0.054084927 0.198984772 0.998896122 -0.021557860 -0.041735996 22.075851440
-0.036444582 0.053398289 -0.997907937 -15.066193581 0.035695966 0.998003721 0.052099761 0.245666519 0.998697937 -0.033722546 -0.038277932 22.065656662
-0.030792862 0.053547379 -0.998090386 -15.889728546 0.036070310 0.997973084 0.052428246 0.284753531 0.998874784 -0.034387019 -0.032661915 22.042182922
-0.025603609 0.052335098 -0.998301327 -16.744377136 0.034225050 0.998089135 0.051446199 0.313401908 0.999086142 -0.032849703 -0.027345855 22.011314392
-0.022620007 0.045808773 -0.998694062 -17.608961105 0.037934683 0.998269558 0.044930100 0.353358328 0.999024093 -0.036868818 -0.024318608 22.003196716
-0.020416263 0.034907196 -0.999181926 -18.494485855 0.035534769 0.998784304 0.034167208 0.390340924 0.999159873 -0.034808140 -0.021631857 21.979631424
-0.019880528 0.026751230 -0.999444366 -19.389715195 0.028044114 0.999263525 0.026188541 0.414259642 0.999408960 -0.027507892 -0.020616099 21.944345474
-0.021006078 0.023574073 -0.999501407 -20.310945511 0.022157880 0.999487340 0.023108060 0.444673061 0.999533713 -0.021661421 -0.021517659 21.911359787
-0.024717310 0.030161379 -0.999239385 -21.268127441 0.013114741 0.999468625 0.029843884 0.453442365 0.999608457 -0.012367103 -0.025099732 21.871763229
-0.029778147 0.038347512 -0.998820662 -22.233612061 0.008462524 0.999237657 0.038111225 0.479596257 0.999520659 -0.007317662 -0.030079961 21.824903488
-0.034133397 0.047747992 -0.998276055 -23.210004807 0.007052872 0.998844683 0.047534037 0.515860438 0.999392390 -0.005418214 -0.034430724 21.776086807
-0.035860457 0.057790868 -0.997684419 -24.247087479 0.005345604 0.998323381 0.057635739 0.557844639 0.999342501 -0.003266382 -0.036109257 21.739562988
-0.036823761 0.065747388 -0.997156620 -25.267230988 0.007554101 0.997823238 0.065512381 0.602913082 0.999293268 -0.005120209 -0.037240267 21.700204849
-0.038578961 0.066410273 -0.997046292 -26.290838242 0.008534772 0.997774601 0.066128545 0.659249008 0.999219120 -0.005958392 -0.039059900 21.663316727
-0.039982393 0.063464701 -0.997182786 -27.287736893 0.006703571 0.997975409 0.063246369 0.712396324 0.999177873 -0.004155946 -0.040326882 21.611515045
-0.042620156 0.058655228 -0.997368097 -28.307186127 0.006324154 0.998270929 0.058438089 0.760024905 0.999071360 -0.003816868 -0.042917412 21.559986115
-0.047212947 0.053400669 -0.997456431 -29.338949203 0.006380485 0.998565733 0.053158056 0.806473672 0.998864412 -0.003854507 -0.047485959 21.504177094
-0.052869547 0.048943240 -0.997401297 -30.363449097 0.006592692 0.998793542 0.048662093 0.845685661 0.998579681 -0.004002817 -0.053128432 21.447938919
-0.059502739 0.046998020 -0.997121155 -31.385353088 0.005849400 0.998890340 0.046732347 0.887014449 0.998211026 -0.003051859 -0.059711624 21.371198654
-0.066473901 0.049420189 -0.996563554 -32.438037872 0.006273956 0.998773634 0.049111299 0.928637326 0.997768462 -0.002987777 -0.066702433 21.302330017
-0.072675355 0.054147448 -0.995884776 -33.506011963 0.004627495 0.998532712 0.053953726 0.970892668 0.997344971 -0.000687346 -0.072819278 21.213588715
-0.078994565 0.057200607 -0.995232582 -34.570350647 0.002495224 0.998360634 0.057182331 1.014682531 0.996871948 0.002033765 -0.079007789 21.124555588
-0.083456516 0.059298541 -0.994745553 -35.640277863 -0.001137166 0.998221695 0.059601162 1.064969540 0.996510744 0.006105296 -0.083240665 21.021793365
-0.086174831 0.060844660 -0.994420350 -36.714561462 -0.005630705 0.998087704 0.061557006 1.109816670 0.996264160 0.010903952 -0.085667439 20.914075851
-0.087897316 0.061537329 -0.994226933 -37.781623840 -0.010010752 0.997985005 0.062654965 1.176716328 0.996079266 0.015460164 -0.087104172 20.813982010
-0.088987805 0.060918480 -0.994168043 -38.858489990 -0.011049486 0.998006165 0.062142696 1.230409026 0.995971441 0.016514985 -0.088137247 20.701356888
-0.090291418 0.060365140 -0.994084299 -39.940780640 -0.012114896 0.998020947 0.061704572 1.277278423 0.995841742 0.017614620 -0.089381404 20.590547562
-0.091756947 0.059529699 -0.994000435 -41.031921387 -0.012363371 0.998066425 0.060914472 1.333028913 0.995704710 0.017878523 -0.090843521 20.494579315
-0.092737213 0.058937065 -0.993944824 -42.120346069 -0.014569381 0.998059392 0.060540400 1.384655595 0.995584071 0.020095510 -0.091698572 20.381607056
-0.093443751 0.056221839 -0.994035900 -43.200885773 -0.018966956 0.998122573 0.058235958 1.432325602 0.995443881 0.024295624 -0.092201971 20.271112442
-0.093562052 0.051304247 -0.994290650 -44.288181305 -0.023954138 0.998266339 0.053763453 1.480562687 0.995325208 0.028847598 -0.092170902 20.156694412
-0.092789978 0.050776701 -0.994390130 -45.393455505 -0.025498623 0.998250127 0.053353168 1.524317741 0.995359063 0.030306220 -0.091332860 20.045186996
-0.091369212 0.055019837 -0.994295895 -46.504192352 -0.026379120 0.997988403 0.057648219 1.569710493 0.995467663 0.031495925 -0.089734040 19.940898895
-0.089219116 0.058325388 -0.994302750 -47.596843719 -0.026337015 0.997796774 0.060893565 1.612643003 0.995663762 0.031619839 -0.087486424 19.834163666
-0.087643459 0.057823472 -0.994472265 -48.725528717 -0.024688797 0.997881114 0.060197521 1.672283411 0.995845914 0.029828239 -0.086030163 19.728422165
-0.085134223 0.056987751 -0.994738460 -49.835769653 -0.024485543 0.997941792 0.059266858 1.724009395 0.996068597 0.029402349 -0.083563648 19.629337311
-0.081156850 0.056928098 -0.995074272 -50.964092255 -0.029099653 0.997806609 0.059457734 1.787699461 0.996276438 0.033781715 -0.079322256 19.530729294
-0.075213194 0.057785116 -0.995491803 -52.088306427 -0.034267932 0.997580051 0.060495418 1.841264486 0.996578515 0.038663499 -0.073051028 19.428306580
-0.069377765 0.057163179 -0.995951355 -53.210830688 -0.038180750 0.997473300 0.059910197 1.896943927 0.996859610 0.042182598 -0.067019932 19.337404251
-0.063913196 0.056468360 -0.996356547 -54.363796234 -0.039624304 0.997466922 0.059073072 1.953368068 0.997168481 0.043255486 -0.061513782 19.264091492
-0.058512434 0.055495288 -0.996742964 -55.501342773 -0.039251458 0.997553647 0.057844628 2.009944916 0.997514725 0.042508241 -0.056191027 19.198032379
-0.052824941 0.054963600 -0.997090042 -56.648288727 -0.037855882 0.997656226 0.057000380 2.065034866 0.997886002 0.040756766 -0.050620444 19.128499985
-0.047196485 0.055704463 -0.997331202 -57.787078857 -0.036768194 0.997670352 0.057463378 2.113581181 0.998208702 0.039382137 -0.045038383 19.070938110
-0.041264556 0.057178702 -0.997510791 -58.940891266 -0.035883270 0.997632265 0.058670066 2.167166948 0.998503685 0.038214952 -0.039115105 19.016626358
-0.035714652 0.058429208 -0.997652471 -60.095344543 -0.036736395 0.997537851 0.059737623 2.220145941 0.998686612 0.038783662 -0.033480242 18.973005295
-0.030526675 0.057607517 -0.997872412 -61.257534027 -0.036167327 0.997620344 0.058699381 2.269335032 0.998879373 0.037882283 -0.028370526 18.938621521
-0.026127839 0.053363901 -0.998233259 -62.414344788 -0.036052506 0.997874200 0.054288346 2.311512947 0.999008298 0.037407238 -0.024148395 18.905054092
-0.022010475 0.047953814 -0.998607039 -63.566844940 -0.035694107 0.998174489 0.048719790 2.357098579 0.999120295 0.036716729 -0.020258624 18.882257462
-0.017631900 0.047410291 -0.998719871 -64.754112244 -0.035675935 0.998209298 0.048015889 2.401279688 0.999207914 0.036476880 -0.015908917 18.840961456
-0.014873328 0.050262816 -0.998625278 -65.926116943 -0.034936603 0.998099804 0.050756704 2.432036877 0.999278843 0.035643488 -0.013089053 18.834033966
-0.012656647 0.049572643 -0.998690367 -67.094764709 -0.035586383 0.998115301 0.049995095 2.480972767 0.999286413 0.036172550 -0.010868681 18.811176300
-0.011400051 0.049405497 -0.998713791 -68.258682251 -0.037582442 0.998051882 0.049801741 2.526448250 0.999228477 0.038101844 -0.009521063 18.788003922
-0.010785164 0.050527260 -0.998664439 -69.441902161 -0.038248435 0.997970819 0.050905231 2.562986135 0.999210000 0.038746379 -0.008830691 18.768230438
-0.009172779 0.050036520 -0.998705268 -70.619255066 -0.038983192 0.997970164 0.050357737 2.606031179 0.999197781 0.039394639 -0.007203575 18.744617462
-0.008198258 0.048182946 -0.998804867 -71.789596558 -0.039226852 0.998054147 0.048468709 2.642347574 0.999196708 0.039577335 -0.006292239 18.730609894
-0.007934126 0.046993155 -0.998863637 -72.979789734 -0.037723236 0.998170018 0.047260158 2.684194803 0.999256730 0.038055345 -0.006146872 18.723119736
-0.007068385 0.046612892 -0.998888016 -74.167198181 -0.034561977 0.998304844 0.046830241 2.726618528 0.999377608 0.034854557 -0.005445368 18.708137512
-0.007142778 0.047571961 -0.998842239 -75.346755981 -0.032233994 0.998337686 0.047778431 2.760117531 0.999454856 0.032537941 -0.005597469 18.701488495
-0.006971571 0.050306883 -0.998709500 -76.533660889 -0.031973999 0.998211801 0.050505016 2.800267458 0.999464393 0.032284830 -0.005350593 18.688152313
-0.007037103 0.053999476 -0.998516142 -77.716918945 -0.033962265 0.997951925 0.054208308 2.839838743 0.999398351 0.034293350 -0.005188745 18.681598663
-0.006309815 0.053848792 -0.998529077 -78.894783020 -0.036389861 0.997875214 0.054043483 2.886502504 0.999317825 0.036677342 -0.004336857 18.666175842
-0.006175550 0.051905259 -0.998632908 -80.073417664 -0.037253041 0.997946739 0.052099977 2.927262068 0.999286771 0.037523858 -0.004229242 18.656593323
-0.006047240 0.049215775 -0.998769879 -81.262847900 -0.036977638 0.998094022 0.049406361 2.971523046 0.999297798 0.037230924 -0.004215831 18.642524719
-0.005824762 0.048819758 -0.998790622 -82.445701599 -0.034681767 0.998196840 0.048992988 3.010096312 0.999381483 0.034925200 -0.004121104 18.630697250
-0.006074437 0.050446332 -0.998708248 -83.623298645 -0.033509292 0.998155534 0.050622221 3.040333509 0.999419928 0.033773508 -0.004372812 18.624729156
-0.005562509 0.053284153 -0.998563886 -84.799453735 -0.032946445 0.998027563 0.053439051 3.078729868 0.999441624 0.033196382 -0.003796014 18.611774445
-0.005394313 0.055775970 -0.998428762 -85.970504761 -0.033313375 0.997878969 0.055925250 3.119173050 0.999430358 0.033562712 -0.003524786 18.607044220
-0.004896412 0.055866752 -0.998426199 -87.157241821 -0.035975821 0.997781992 0.056007132 3.160796642 0.999340653 0.036193438 -0.002875698 18.578784943
-0.004732586 0.053759746 -0.998542607 -88.330635071 -0.035361182 0.997920394 0.053893831 3.206335068 0.999363303 0.035564706 -0.002821736 18.573343277
-0.004539805 0.052566472 -0.998607039 -89.502960205 -0.033926178 0.998034418 0.052690547 3.245393276 0.999414086 0.034118127 -0.002747502 18.563541412
-0.004164921 0.053668089 -0.998550117 -90.639266968 -0.032143317 0.998035610 0.053774495 3.284531593 0.999474585 0.032320682 -0.002431670 18.553064346
-0.004215000 0.056250311 -0.998407722 -91.818710327 -0.029739697 0.997967958 0.056351084 3.333616257 0.999548852 0.029929863 -0.002533568 18.550931931
-0.004122949 0.058884773 -0.998256207 -92.983573914 -0.028339643 0.997856915 0.058978252 3.376537800 0.999589860 0.028533386 -0.002445339 18.546348572
-0.003710076 0.060716290 -0.998148143 -94.150505066 -0.028983723 0.997729182 0.060798526 3.425285578 0.999572992 0.029155616 -0.001941866 18.537117004
-0.002938754 0.062744223 -0.998025298 -95.310920715 -0.031630106 0.997524381 0.062805884 3.474783421 0.999495268 0.031752214 -0.000946873 18.519121170
-0.002790159 0.062064685 -0.998068213 -96.479431152 -0.033641234 0.997501314 0.062123492 3.521964788 0.999430060 0.033749569 -0.000695255 18.514558792
-0.002775234 0.057641577 -0.998333573 -97.632110596 -0.035923887 0.997687280 0.057704128 3.576640844 0.999350667 0.036024164 -0.000698106 18.499942780
-0.002303383 0.055883612 -0.998434603 -98.788780212 -0.037407123 0.997733712 0.055930685 3.626403570 0.999297380 0.037477393 -0.000207717 18.487514496
-0.002241691 0.054519802 -0.998510182 -99.935653687 -0.036932372 0.997826934 0.054565411 3.661352396 0.999315262 0.036999665 -0.000223274 18.479938507
-0.002192447 0.054894131 -0.998489797 -101.099510193 -0.035569396 0.997856021 0.054937396 3.709146500 0.999364853 0.035636123 -0.000235195 18.481931686
-0.002075991 0.057072230 -0.998367906 -102.245246887 -0.035839520 0.997724414 0.057109971 3.752069950 0.999355376 0.035899580 -0.000025825 18.469072342
-0.001873240 0.059363883 -0.998234630 -103.436820984 -0.034329917 0.997644126 0.059393194 3.797982693 0.999408782 0.034380570 0.000169131 18.456968307
-0.002340515 0.057922669 -0.998318315 -104.599853516 -0.038339693 0.997581899 0.057969823 3.856444836 0.999262035 0.038410902 -0.000114118 18.443014145
-0.002386379 0.059427038 -0.998229802 -105.755493164 -0.041810185 0.997353852 0.059474833 3.901439428 0.999122679 0.041878100 0.000104591 18.430326462
-0.002769080 0.058496345 -0.998283803 -106.929878235 -0.044989172 0.997269511 0.058561709 3.956761837 0.998983622 0.045074120 -0.000129817 18.416564941
-0.002752515 0.054462764 -0.998512030 -108.094543457 -0.046747416 0.997417033 0.054531924 4.010722160 0.998902977 0.046827957 -0.000199411 18.397096634
-0.003452407 0.051331095 -0.998675704 -109.294181824 -0.046579558 0.997589409 0.051436283 4.038191319 0.998908639 0.046695463 -0.001053105 18.395124435
-0.004324058 0.050362680 -0.998721540 -110.490203857 -0.043212097 0.997788608 0.050502721 4.086791515 0.999056637 0.043375235 -0.002138219 18.384780884
-0.004973052 0.049857296 -0.998743951 -111.665931702 -0.038472034 0.998007357 0.050012093 4.122657299 0.999247313 0.038672417 -0.003045030 18.391077042
-0.005380292 0.051467050 -0.998660147 -112.884895325 -0.037901793 0.997946501 0.051634461 4.175255299 0.999266982 0.038128816 -0.003418551 18.379255295
-0.006117921 0.055407036 -0.998445034 -114.116485596 -0.036474932 0.997787058 0.055594008 4.219049931 0.999315798 0.036758333 -0.004083415 18.368036270
-0.006882435 0.055381961 -0.998441517 -115.347717285 -0.035027992 0.997839153 0.055589993 4.278586388 0.999362648 0.035356000 -0.004927643 18.362991333
-0.008011515 0.051090013 -0.998661876 -116.579002380 -0.035211004 0.998060167 0.051341701 4.330286503 0.999347806 0.035575215 -0.006197044 18.354825974
-0.008836848 0.047680210 -0.998823583 -117.820724487 -0.035282794 0.998225570 0.047963843 4.369941235 0.999338329 0.035665136 -0.007138878 18.338312149
-0.008837717 0.045843575 -0.998909533 -119.062377930 -0.034734648 0.998331547 0.046124365 4.422202587 0.999357522 0.035104401 -0.007230610 18.322647095
-0.009562678 0.046843138 -0.998856544 -120.304542542 -0.036803760 0.998208821 0.047165114 4.470103741 0.999276817 0.037212703 -0.007821547 18.301952362
-0.010031899 0.052089285 -0.998592079 -121.574584961 -0.041555166 0.997757733 0.052463237 4.509763241 0.999085844 0.042022970 -0.007844827 18.276126862
-0.009768171 0.055269055 -0.998423696 -122.832786560 -0.047311336 0.997327626 0.055671260 4.556366444 0.998832345 0.047780558 -0.007127214 18.239223480
-0.009896118 0.054916091 -0.998441935 -124.096847534 -0.054431867 0.996980906 0.055375233 4.612826824 0.998468399 0.054895058 -0.006877054 18.210317612
-0.009488824 0.052743901 -0.998562992 -125.348884583 -0.057732999 0.996913433 0.053205363 4.663911819 0.998286963 0.058154888 -0.006414471 18.180185318
-0.010109467 0.051503826 -0.998621583 -126.613609314 -0.060157776 0.996832430 0.052020550 4.715141773 0.998137712 0.060600750 -0.006979089 18.161251068
-0.011017702 0.050628945 -0.998656750 -127.877014160 -0.060159158 0.996874750 0.051202308 4.760061741 0.998128057 0.060642481 -0.007937473 18.144493103
-0.011011684 0.050188895 -0.998679042 -129.150390625 -0.058267619 0.997010410 0.050747499 4.802080154 0.998240232 0.058749471 -0.008054377 18.124599457
-0.011624911 0.051023792 -0.998629868 -130.406036377 -0.058496013 0.996952236 0.051619027 4.844206333 0.998220026 0.059015930 -0.008604791 18.106636047
-0.012318584 0.055975050 -0.998356164 -131.669494629 -0.058045506 0.996708214 0.056598861 4.891736031 0.998237908 0.058647308 -0.009028932 18.089561462
-0.012772672 0.060056884 -0.998113215 -132.941940308 -0.057279389 0.996511519 0.060693499 4.943687439 0.998276472 0.057946526 -0.009288093 18.066921234
-0.012595123 0.059043258 -0.998175919 -134.207992554 -0.057317004 0.996571064 0.059671562 4.993441582 0.998276472 0.057964031 -0.009167753 18.036788940
-0.011810510 0.057323691 -0.998285770 -135.468109131 -0.057122953 0.996686280 0.057907660 5.048927784 0.998297215 0.057708953 -0.008496877 18.022457123
-0.010356405 0.056667067 -0.998339415 -136.716567993 -0.056116283 0.996786773 0.057161056 5.103010654 0.998370528 0.056615088 -0.007143181 17.998788834
-0.009612867 0.056114014 -0.998378098 -137.967437744 -0.056505807 0.996798396 0.056569293 5.148265362 0.998356044 0.056957945 -0.006411322 17.985218048
-0.008896095 0.058344129 -0.998256862 -139.220062256 -0.056429464 0.996676266 0.058754627 5.197346687 0.998366952 0.056853797 -0.005574199 17.973691940
-0.008234508 0.062026672 -0.998040497 -140.465698242 -0.057380728 0.996400416 0.062398173 5.250704288 0.998318493 0.057782114 -0.004645732 17.957223892
-0.006959857 0.062667869 -0.998010159 -141.719177246 -0.059259374 0.996254385 0.062970877 5.314002037 0.998218358 0.059579723 -0.003220132 17.937463760
-0.005460038 0.060119860 -0.998176157 -142.980392456 -0.061242595 0.996297240 0.060341682 5.365588665 0.998107970 0.061460368 -0.001757925 17.918985367
-0.005425614 0.057327949 -0.998340607 -144.222076416 -0.059773292 0.996551633 0.057550054 5.416109562 0.998197138 0.059986353 -0.001980225 17.908794403
-0.005418952 0.055643853 -0.998435974 -145.464401245 -0.056899570 0.996815860 0.055862382 5.465487957 0.998365223 0.057113294 -0.002235585 17.909048080
-0.005973339 0.055092428 -0.998463392 -146.699493408 -0.055315677 0.996934175 0.055338982 5.511527538 0.998451114 0.055561237 -0.002907551 17.901384354
-0.005968452 0.055810489 -0.998423576 -147.924118042 -0.052877508 0.997026801 0.056048516 5.552985668 0.998583257 0.053128671 -0.002999587 17.893949509
-0.005997382 0.053975817 -0.998524249 -149.175048828 -0.051324815 0.997209489 0.054213006 5.611657619 0.998663962 0.051574208 -0.003210347 17.882970810
-0.005913450 0.053896662 -0.998529017 -150.418548584 -0.050358597 0.997263372 0.054126579 5.664166451 0.998713732 0.050604597 -0.003183108 17.871746063
-0.006153926 0.056533299 -0.998381793 -151.654205322 -0.048312534 0.997217894 0.056765191 5.714870453 0.998813391 0.048583679 -0.003405539 17.863531113
-0.006150198 0.057928026 -0.998301804 -152.886489868 -0.046064451 0.997244477 0.058150470 5.764800549 0.998919487 0.046343859 -0.003464828 17.852176666
-0.006276324 0.056505181 -0.998382509 -154.113861084 -0.044127006 0.997413993 0.056727774 5.813753128 0.999006212 0.044411670 -0.003766689 17.839475632
-0.006899324 0.056858338 -0.998358428 -155.343444824 -0.044644006 0.997369170 0.057110518 5.865715504 0.998979092 0.044964738 -0.004342789 17.828433990
-0.006839900 0.061397124 -0.998089969 -156.573516846 -0.045552932 0.997058034 0.061645817 5.921584129 0.998938501 0.045887575 -0.004022958 17.815589905
-0.006353933 0.068278551 -0.997646093 -157.797821045 -0.050556693 0.996368468 0.068513095 5.973289490 0.998700976 0.050873004 -0.002878921 17.802707672
-0.005352781 0.068425037 -0.997641921 -159.050765991 -0.054733273 0.996140540 0.068615727 6.032150269 0.998486638 0.054971486 -0.001586996 17.783267975
-0.003915729 0.064231999 -0.997927308 -160.280838013 -0.058308139 0.996222436 0.064351059 6.098486900 0.998290956 0.058439258 -0.000155688 17.761367798
-0.002186849 0.059335716 -0.998235703 -161.503417969 -0.060145337 0.996423006 0.059359737 6.145542145 0.998187244 0.060169030 0.001389740 17.750219345
-0.001578301 0.057880905 -0.998322308 -162.728713989 -0.062570773 0.996361554 0.057866145 6.199203968 0.998039246 0.062557124 0.002049094 17.739746094
-0.000202317 0.054628920 -0.998506665 -163.936309814 -0.057918325 0.996829927 0.054548915 6.243160725 0.998321295 0.057842877 0.002962340 17.745485306
0.000235453 0.049911849 -0.998753607 -165.158126831 -0.055197969 0.997231543 0.049822781 6.296091080 0.998475492 0.055117436 0.002989835 17.737640381
-0.000277780 0.046559591 -0.998915493 -166.384628296 -0.048613716 0.997733772 0.046518035 6.335808754 0.998817563 0.048573915 0.001986285 17.742664337
-0.001092261 0.049521692 -0.998772442 -167.616119385 -0.046601254 0.997685432 0.049518760 6.381927013 0.998912990 0.046598136 0.001218040 17.736696243
-0.000347108 0.055849135 -0.998439193 -168.848937988 -0.047440678 0.997314155 0.055802692 6.427175045 0.998873949 0.047386006 0.002303346 17.730779648
0.001084239 0.059121016 -0.998250186 -170.061431885 -0.048453268 0.997081459 0.058999170 6.474699974 0.998824835 0.048304524 0.003945682 17.729578018
0.002570169 0.055766921 -0.998440564 -171.276580811 -0.049547456 0.997224629 0.055571459 6.525895119 0.998768449 0.049327362 0.005326145 17.726963043
0.003164395 0.056142256 -0.998417795 -172.495208740 -0.051524702 0.997105718 0.055905167 6.575850487 0.998666763 0.051266268 0.006047948 17.728767395
0.004376838 0.057006784 -0.998364210 -173.712081909 -0.050214514 0.997126698 0.056715999 6.624937534 0.998728871 0.049884129 0.007226829 17.724920273
0.004694516 0.054832842 -0.998484552 -174.917526245 -0.049900979 0.997264326 0.054531224 6.675076008 0.998743057 0.049569353 0.007417886 17.731599808
0.006848331 0.053313885 -0.998554289 -176.121353149 -0.050336249 0.997330129 0.052903313 6.719915390 0.998708844 0.049901184 0.009513668 17.727680206
0.007871320 0.055049218 -0.998452663 -177.280426025 -0.051389854 0.997186482 0.054574274 6.762130737 0.998647630 0.050880764 0.010678144 17.740627289
0.009845589 0.057253808 -0.998311102 -178.399902344 -0.051516246 0.997062743 0.056674138 6.790697575 0.998623610 0.050871257 0.012766172 17.733707428
0.010528377 0.058554169 -0.998228669 -179.492858887 -0.052601278 0.996934295 0.057923447 6.827953339 0.998560071 0.051898263 0.013576124 17.737243652
0.010749208 0.060207371 -0.998127997 -180.575668335 -0.052894056 0.996822417 0.059558980 6.856112480 0.998542249 0.052154832 0.013899665 17.739032745
0.010672775 0.060802385 -0.998092711 -181.628890991 -0.052294631 0.996817648 0.060165510 6.899482250 0.998574674 0.051552758 0.013818449 17.749008179
0.011159064 0.060103197 -0.998129725 -182.652511597 -0.052970562 0.996825933 0.059432469 6.935969353 0.998533726 0.052208286 0.014307342 17.752897263
0.012750685 0.060132343 -0.998108923 -183.628829956 -0.053953554 0.996777356 0.059362873 6.969418049 0.998462021 0.053094611 0.015953951 17.760707855
0.013838794 0.060824092 -0.998052537 -184.591491699 -0.054504804 0.996709943 0.059986524 7.004628181 0.998417616 0.053568512 0.017108468 17.775215149
0.013363303 0.059139568 -0.998160243 -185.525756836 -0.053318717 0.996871293 0.058349375 7.036023617 0.998488128 0.052440882 0.016474741 17.783233643
0.010036699 0.056230359 -0.998367369 -186.465713501 -0.050642725 0.997164965 0.055653512 7.066836357 0.998666406 0.050001469 0.012855902 17.792892456
0.005048173 0.052581124 -0.998603880 -187.391784668 -0.050464857 0.997357547 0.052260388 7.098785400 0.998713076 0.050130583 0.007688333 17.793708801
0.000176501 0.049666531 -0.998765767 -188.315185547 -0.052277856 0.997400522 0.049589407 7.131072998 0.998632610 0.052204587 0.002772502 17.785915375
-0.003470016 0.048784487 -0.998803318 -189.252059937 -0.054412127 0.997320414 0.048901089 7.164418697 0.998512447 0.054516703 -0.000806251 17.773267746
-0.006034588 0.049433973 -0.998759151 -190.169708252 -0.056082543 0.997188568 0.049695097 7.193883419 0.998407900 0.056312837 -0.003245240 17.753040314
-0.008082364 0.051125146 -0.998659551 -191.098327637 -0.054937176 0.997161150 0.051493067 7.225556850 0.998457134 0.055279713 -0.005250748 17.742252350
-0.010528599 0.052727669 -0.998553514 -192.011016846 -0.052028909 0.997227192 0.053206228 7.252910137 0.998590112 0.052513834 -0.007756042 17.744760513
-0.011363412 0.053522419 -0.998502135 -192.933029175 -0.050164070 0.997278690 0.054027732 7.278268337 0.998676360 0.050702870 -0.008647586 17.730455399
-0.012509877 0.051756311 -0.998581409 -193.843383789 -0.050826956 0.997335672 0.052328486 7.321331024 0.998629093 0.051409476 -0.009845930 17.716865540
-0.012948718 0.050850313 -0.998622358 -194.754776001 -0.053093567 0.997262180 0.051469501 7.351239681 0.998505592 0.053686880 -0.010213442 17.692541122
-0.012635179 0.050330017 -0.998652637 -195.642868042 -0.056128539 0.997122109 0.050963022 7.379975796 0.998343587 0.056696851 -0.009773864 17.666570663
-0.012118400 0.049142014 -0.998718262 -196.566284180 -0.058918715 0.997021079 0.049773425 7.402861595 0.998189211 0.059446376 -0.009186917 17.653362274
-0.011350836 0.046286810 -0.998863637 -197.480560303 -0.058709014 0.997173905 0.046875659 7.434529781 0.998210609 0.059174381 -0.008601304 17.643112183
-0.010309014 0.043737989 -0.998989820 -198.398925781 -0.058854289 0.997284412 0.044270664 7.464769363 0.998213291 0.059251226 -0.007706852 17.618598938
-0.009454397 0.042946931 -0.999032617 -199.328231812 -0.058782808 0.997325659 0.043429840 7.500088692 0.998226047 0.059136543 -0.006904570 17.597236633
-0.009431664 0.046478450 -0.998874784 -200.253723145 -0.055912163 0.997331858 0.046934605 7.518245220 0.998391151 0.056291923 -0.006807789 17.600336075
-0.009854480 0.047693949 -0.998813450 -201.190078735 -0.055187538 0.997313499 0.048166823 7.547640324 0.998427391 0.055596717 -0.007195893 17.592205048
-0.008469686 0.044424649 -0.998976886 -202.123504639 -0.050309841 0.997728527 0.044795685 7.572159290 0.998697758 0.050637774 -0.006215451 17.580759048
-0.008287937 0.040952109 -0.999126732 -203.067123413 -0.048752047 0.997956276 0.041308545 7.605888367 0.998776495 0.049051840 -0.006274500 17.568740845
-0.007430010 0.041013263 -0.999130905 -204.009140015 -0.052802082 0.997748554 0.041349173 7.644580841 0.998577297 0.053063426 -0.005247696 17.546968460
-0.005577117 0.044750247 -0.998982668 -204.966140747 -0.054091625 0.997521937 0.044986803 7.674835682 0.998520434 0.054287490 -0.003142683 17.530328751
-0.003945789 0.044415012 -0.999005318 -205.924957275 -0.051951423 0.997654915 0.044560172 7.703648567 0.998641789 0.052075572 -0.001629113 17.527462006
-0.002321198 0.045443695 -0.998964190 -206.915802002 -0.050699659 0.997676790 0.045502927 7.742536545 0.998711228 0.050752774 -0.000011826 17.530467987
-0.000518821 0.050050247 -0.998746574 -207.899230957 -0.051647548 0.997412384 0.050010215 7.781377792 0.998665273 0.051608760 0.002067494 17.521240234
0.001253142 0.054829255 -0.998494923 -208.899765015 -0.049095634 0.997294962 0.054701738 7.807653427 0.998793304 0.048953202 0.003941630 17.516084671
0.002485676 0.054661375 -0.998501778 -209.901489258 -0.048700560 0.997326732 0.054475814 7.858927250 0.998810351 0.048492182 0.005141070 17.526557922
0.004092520 0.055132765 -0.998470664 -210.904083252 -0.051882423 0.997145832 0.054846972 7.905736923 0.998644829 0.051578615 0.006941262 17.530912399
0.007025667 0.056882102 -0.998356164 -211.925857544 -0.054926720 0.996895552 0.056412350 7.951025486 0.998465717 0.054440092 0.010128204 17.527893066
0.010846402 0.057492983 -0.998286903 -212.957519531 -0.056590967 0.996780872 0.056791384 7.993723869 0.998338521 0.055878051 0.014065069 17.527545929
0.013971766 0.054687750 -0.998405755 -213.985351562 -0.059371378 0.996786833 0.053768225 8.041367531 0.998138189 0.058525484 0.017173760 17.532512665
